0.18
32.045
32.045
22.53333333333333
22.53333333333333
0.14
0.14
0.3866666666666667
0.3866666666666667
0.16
0.18888888888888888
0.17
0.13
0.13
50.79
56.43333333333334
0.14500000000000002
0.14500000000000002
17.6125
17.6125
0.19333333333333336
0.19333333333333336
0.1277777777777778
0.1277777777777778
50.6888888888889
50.6888888888889
0.14444444444444446
0.1625
0.14444444444444446
0.17777777777777778
0.2
0.2
0.2
0.27142857142857146
0.27142857142857146
0.32222222222222224
0.2761904761904762
0.2761904761904762
0.17857142857142858
0.17857142857142858
24.59642857142857
28.695833333333336
0.19047619047619047
0.2222222222222222
25.362499999999997
30.435000000000002
30.435000000000002
2.035
2.035
0.21666666666666665
0.21666666666666665
39.16666666666667
33.57142857142858
31.574999999999996
36.08571428571428
0.2785714285714286
0.325
0.76
0.95
0.42500000000000004
0.42500000000000004
84.475
84.475
0.31000000000000005
0.31000000000000005
62.94499999999999
0.3066666666666667
0.3066666666666667
0.32222222222222224
0.32222222222222224
0.19523809523809527
0.17083333333333336
0.15925925925925927
0.15925925925925927
0.21666666666666665
0.21666666666666665
0.17777777777777778
0.16
0.15000000000000002
0.16666666666666669
0.17777777777777778
0.17777777777777778
0.17777777777777778
0.17777777777777778
0.17777777777777778
0.1625
0.1625
74.16428571428571
64.89375
0.20625000000000002
0.18333333333333335
0.12777777777777777
0.11499999999999999
0.31
0.31
36.405
40.45
38.08888888888888
38.08888888888888
0.2305555555555556
0.2075
0.685
0.7611111111111112
0.16666666666666666
0.1875
15.918749999999998
18.19285714285714
26.866666666666667
26.866666666666667
23.02857142857143
25.978571428571435
25.978571428571435
23.632142857142856
20.678125
0.20312499999999997
0.2321428571428571
0.17500000000000002
0.15555555555555556
0.1625
0.1625
0.16666666666666666
0.16666666666666666
0.21249999999999997
0.21249999999999997
0.24285714285714283
0.2714285714285714
0.2714285714285714
67.73125
28.741666666666678
28.741666666666678
40.74285714285714
40.74285714285714
50.104761904761894
0.25555555555555554
0.30666666666666664
0.4416666666666667
0.4416666666666667
0.25
0.3125
0.42500000000000004
0.5666666666666667
0.8
0.5333333333333333
0.44999999999999996
0.36
53.52999999999999
66.9125
0.4
0.4
0.4
53.51250000000001
71.35000000000001
52.400000000000006
104.80000000000001
51.85000000000001
51.85000000000001
1.7999999999999998
34.38333333333333
34.38333333333333
51.44166666666668
51.44166666666668
0.8666666666666666
1.7333333333333332
146.64999999999998
146.64999999999998
28.9375
19.291666666666664
1.2375
1.2375
68.4375
45.625
27.212499999999995
54.42499999999999
27.700000000000003
27.700000000000003
0.6666666666666666
0.6666666666666666
0.6666666666666666
0.7250000000000001
0.7250000000000001
357.9
357.9
154.03333333333333
66.125
132.25
66.125
0.75
0.5
0.46666666666666673
0.46666666666666673
89.11111111111113
133.66666666666669
1.3
0.65
0.65
66.525
133.05
35.6
35.6
35.099999999999994
35.099999999999994
498.15
498.15
0.7000000000000001
0.7000000000000001
1.6
1.6
355.3
355.3
235.875
3.0000000000000004
3.0000000000000004
1.4000000000000001
0.7000000000000001
0.75
0.75
246.34999999999997
246.34999999999997
35.13333333333334
35.13333333333334
65.9875
65.9875
4.233333333333333
2.822222222222222
0.30833333333333335
0.41111111111111115
0.41111111111111115
0.6166666666666667
15.999999999999998
15.999999999999998
35.78333333333333
71.56666666666666
58.85
29.425
60.083333333333336
60.083333333333336
0.4
0.4
0.4333333333333333
0.4333333333333333
108.1
81.075
81.075
54.26875
26.43
26.43
0.29000000000000004
0.29000000000000004
0.54
0.45000000000000007
67.45833333333333
80.95
0.4
0.4
0.28
0.28
53.67999999999999
53.67999999999999
37.42222222222222
37.42222222222222
51.07999999999999
51.07999999999999
0.33125000000000004
0.265
0.315
0.2625
0.8499999999999999
0.8499999999999999
0.24
0.24
2.36
2.9499999999999997
103.225
103.225
0.5333333333333333
0.4
36.575
36.575
75.29999999999998
100.4
0.44999999999999996
0.44999999999999996
0.44999999999999996
0.28
0.28
0.32666666666666666
0.32666666666666666
0.26
103.71999999999998
103.71999999999998
37.766666666666666
47.20833333333333
36.7
36.7
0.35833333333333334
26.437500000000004
26.437500000000004
35.25
0.7666666666666668
0.5750000000000001
0.5416666666666666
0.8124999999999999
0.475
0.475
25.85
19.3875
29.65
23.72
19.766666666666666
0.2785714285714286
0.325
0.23750000000000004
0.23750000000000004
0.30000000000000004
0.30000000000000004
52.785000000000004
52.785000000000004
52.785000000000004
0.2866666666666667
0.35833333333333334
26.187499999999996
26.187499999999996
3.4333333333333336
5.15
42.925000000000004
85.85000000000001
0.7000000000000001
0.7000000000000001
207.675
138.45000000000002
72.38888888888889
72.38888888888889
27.3625
27.3625
0.46666666666666673
0.46666666666666673
0.5333333333333333
0.5333333333333333
0.6333333333333333
0.6333333333333333
55.01666666666666
82.52499999999999
1.2
1.2
1.6
1.6
1.6
50.8
25.4
1.5
1.5
1.3
1.3
2.9000000000000004
2.3
2.3
44.55
44.55
35.866666666666674
35.866666666666674
203.09999999999997
26.587500000000002
26.587500000000002
36.6
36.6
36.6
22.866666666666667
22.866666666666667
36.522222222222226
36.522222222222226
92.16666666666667
92.16666666666667
0.5222222222222223
26.658333333333335
26.658333333333335
26.658333333333335
108.85000000000001
108.85000000000001
0.7666666666666667
0.7666666666666667
1.9000000000000004
1.9000000000000004
1.4666666666666666
336.59999999999997
336.59999999999997
336.59999999999997
1.366666666666667
1.366666666666667
120.93750000000001
120.93750000000001
0.5083333333333334
0.5083333333333334
0.5444444444444445
0.5444444444444445
0.5444444444444445
0.5166666666666666
0.5166666666666666
0.6666666666666667
0.6666666666666667
53.425
53.425
28.718750000000004
28.718750000000004
27.1
27.1
0.40833333333333327
0.40833333333333327
0.625
0.8333333333333334
0.8333333333333334
0.5333333333333333
0.8
0.75
0.75
0.75
1.4249999999999998
1.4249999999999998
0.65
1.3
1.6
1.6
1.6
412.1
412.1
412.1
377.0333333333333
188.51666666666665
37.96666666666667
18.983333333333334
128.95000000000002
257.90000000000003
53.37500000000001
53.37500000000001
1.5
1.5
1.3
1.3
1.2
1.2
1.5
1.5
228.13333333333335
228.13333333333335
176.73333333333332
176.73333333333332
1.55
1.55
2.1999999999999997
2.1999999999999997
51.9
51.9
52.5
52.5
1.2
1.2
1.5
1.5
52.949999999999996
52.949999999999996
1.6
0.8
0.7000000000000001
0.46666666666666673
0.36666666666666664
0.27499999999999997
0.3
0.24
0.21666666666666665
0.18571428571428572
0.125
0.125
0.125
0.13749999999999998
0.13749999999999998
52.675000000000004
60.199999999999996
51.76428571428572
51.76428571428572
0.6
0.6
0.2
0.2
0.2
0.28
0.28
0.24
0.3
0.375
0.375
0.42500000000000004
0.42500000000000004
0.5666666666666667
0.8500000000000001
0.8500000000000001
207.6
207.6
4.416666666666667
4.416666666666667
0.65
0.65
0.8500000000000001
0.8500000000000001
1.4000000000000001
0.7000000000000001
0.7000000000000001
0.7000000000000001
1.6
1.6
1.5
52.25
52.25
52.25
1.6
1.6
1.7999999999999998
2.0333333333333337
2.0333333333333337
1.2
1.2
525.25
525.25
1.5
1.5
1.6
1.6
350.0
350.0
1.4000000000000001
1.4000000000000001
406.65000000000003
406.65000000000003
531.0
531.0
40.925
40.925
1.6
1.6
3.1
3.1
70.63333333333333
70.63333333333333
55.87500000000001
55.87500000000001
34.8
26.1
0.3333333333333333
0.3333333333333333
0.36666666666666675
0.37500000000000006
0.37500000000000006
0.35000000000000003
0.35000000000000003
102.04166666666667
136.05555555555557
34.08333333333333
27.266666666666666
26.064999999999998
32.58125
30.349999999999998
30.349999999999998
0.8666666666666666
0.8666666666666666
0.7166666666666667
0.7166666666666667
150.20000000000002
150.20000000000002
0.7166666666666667
0.7166666666666667
0.7666666666666667
0.7666666666666667
0.6
0.6
0.6
0.4333333333333333
0.4333333333333333
51.18333333333334
76.775
50.24999999999999
50.24999999999999
0.65
1.3
1.2
1.2
388.3
388.3
1.3
1.5
1.5
1.5
1.95
1.95
1.4000000000000001
1.4000000000000001
180.51666666666665
120.34444444444443
2.3666666666666667
2.3666666666666667
0.4333333333333333
0.4333333333333333
169.70000000000002
254.55
0.675
0.675
53.2
53.2
0.5333333333333333
0.5333333333333333
0.5333333333333333
0.5333333333333333
53.55
35.699999999999996
0.95
0.95
0.4333333333333333
0.325
0.325
0.5666666666666667
0.5666666666666667
1.8333333333333333
1.8333333333333333
1.7249999999999999
0.8
0.5333333333333333
73.68888888888888
55.266666666666666
91.00000000000001
91.00000000000001
0.38
0.38
0.38333333333333336
0.38333333333333336
25.912499999999994
34.55
0.43750000000000006
0.43750000000000006
0.6333333333333334
0.6333333333333334
0.375
0.375
0.28
0.23333333333333336
0.18333333333333332
0.18333333333333332
42.70833333333333
42.70833333333333
51.24999999999999
0.25833333333333336
0.2857142857142857
0.2857142857142857
0.2142857142857143
0.2142857142857143
0.24285714285714288
0.24285714285714288
0.2833333333333333
54.25
65.1
37.32
37.32
26.645833333333336
26.645833333333336
0.2733333333333334
0.2733333333333334
0.475
0.475
69.53333333333333
69.53333333333333
0.7000000000000002
0.7000000000000002
1.2333333333333334
1.2333333333333334
174.13333333333333
174.13333333333333
0.55
0.8250000000000001
1.2
1.2
189.89999999999998
189.89999999999998
0.975
0.975
189.35
189.35
52.675000000000004
52.675000000000004
1.9
1.9
1.3
1.3
433.24999999999994
433.24999999999994
258.46666666666664
258.46666666666664
36.16666666666667
36.16666666666667
2.1
2.1
1.3
519.5500000000001
519.5500000000001
269.4
269.4
34.46666666666667
34.46666666666667
34.46666666666667
0.8749999999999999
0.8749999999999999
34.7
34.7
94.03750000000001
62.69166666666667
53.25000000000001
79.875
0.5083333333333334
0.5083333333333334
0.4416666666666667
0.6625000000000001
0.6
0.6
26.737500000000004
26.737500000000004
25.637499999999996
17.091666666666665
0.5222222222222221
0.5222222222222221
0.45000000000000007
0.45000000000000007
0.45000000000000007
0.46666666666666673
0.46666666666666673
69.54444444444444
69.54444444444444
47.75833333333333
47.75833333333333
26.766666666666666
20.075
0.26
0.21666666666666665
0.2222222222222222
0.2222222222222222
0.20833333333333334
0.4333333333333333
0.37142857142857144
0.36666666666666664
0.36666666666666664
51.67499999999999
51.67499999999999
0.18571428571428572
0.1625
0.2142857142857143
54.092857142857135
63.10833333333332
28.71666666666667
28.71666666666667
28.71666666666667
0.17142857142857143
0.12857142857142856
0.12857142857142856
0.2285714285714286
0.2
0.23333333333333336
0.21666666666666665
0.21666666666666665
0.34
0.34
108.39000000000001
90.325
0.27
0.27
0.23333333333333336
0.23333333333333336
0.23333333333333336
0.23333333333333336
66.22222222222223
66.22222222222223
25.549999999999994
21.9
0.23750000000000004
0.2035714285714286
0.21785714285714292
0.21785714285714292
0.21785714285714292
27.62857142857143
27.62857142857143
0.2285714285714286
0.2285714285714286
0.2142857142857143
0.2142857142857143
0.22499999999999998
0.2
0.18888888888888888
0.18888888888888888
56.0611111111111
0.14375
0.14375
0.17500000000000002
0.17500000000000002
40.925
40.925
24.5962962962963
22.136666666666667
0.14
0.14
0.16
0.17777777777777778
0.2555555555555556
0.2875
0.17500000000000002
0.2
0.2
54.01428571428571
0.2142857142857143
0.18750000000000003
43.82083333333333
50.08095238095238
0.22380952380952382
0.22380952380952382
20.167857142857144
20.167857142857144
0.14166666666666666
0.14166666666666666
0.18571428571428572
0.21666666666666665
0.32999999999999996
0.32999999999999996
0.32999999999999996
0.22
0.27499999999999997
66.225
71.80833333333332
71.80833333333332
0.3333333333333333
0.26666666666666666
0.24
0.24
1.1800000000000002
1.1800000000000002
67.64
67.64
0.29166666666666663
0.22142857142857147
0.22142857142857147
0.14285714285714285
0.14285714285714285
0.25
0.2
0.17142857142857143
72.06428571428572
72.06428571428572
0.1928571428571429
1.0958333333333332
1.0958333333333332
19.478125
17.31388888888889
0.22500000000000003
0.25000000000000006
22.041666666666664
22.041666666666664
0.1275
0.1275
0.10333333333333333
0.10333333333333333
0.11481481481481481
0.1388888888888889
0.15
0.15
0.15
0.12
0.12
24.433333333333337
0.18148148148148147
0.16333333333333333
0.15185185185185188
0.17083333333333336
0.17142857142857143
0.17142857142857143
0.16428571428571428
0.16428571428571428
0.15714285714285714
0.18333333333333332
0.18333333333333332
0.18333333333333332
76.825
65.85
0.24285714285714288
0.21250000000000002
0.21250000000000002
0.16666666666666666
0.16666666666666666
0.21111111111111114
0.21111111111111114
34.281481481481485
34.281481481481485
35.12222222222222
35.12222222222222
0.16666666666666666
0.16666666666666666
0.17750000000000002
0.19722222222222224
0.1527777777777778
0.1527777777777778
0.17500000000000002
0.17500000000000002
0.17777777777777778
0.17777777777777778
0.15
0.15
54.449999999999996
62.228571428571435
19.549999999999997
17.377777777777776
13.974999999999998
13.974999999999998
11.185714285714287
13.05
55.86666666666667
55.86666666666667
24.5952380952381
24.5952380952381
0.25833333333333336
0.25833333333333336
0.25833333333333336
0.25
0.3
0.2
0.2
0.2
0.25833333333333336
0.22142857142857147
0.17142857142857143
0.17142857142857143
0.17142857142857143
68.97142857142858
68.97142857142858
0.2
0.2
0.1625
0.1625
0.18571428571428572
0.18571428571428572
0.21666666666666665
0.2142857142857143
0.2142857142857143
51.24999999999999
51.24999999999999
34.535714285714285
34.535714285714285
0.2333333333333333
0.2333333333333333
0.20476190476190476
0.23888888888888893
54.05555555555556
54.05555555555556
0.24166666666666667
0.24166666666666667
0.2833333333333333
0.2833333333333333
2.7916666666666665
3.35
91.88000000000001
114.85000000000001
40.737500000000004
54.31666666666667
0.5666666666666667
0.5666666666666667
0.5666666666666667
0.44999999999999996
0.35000000000000003
0.35000000000000003
96.26249999999999
77.00999999999999
0.24166666666666664
0.29
0.41000000000000003
0.41000000000000003
0.2
0.2
0.27499999999999997
0.27499999999999997
0.27499999999999997
0.35000000000000003
0.4
0.32
51.46000000000001
51.46000000000001
0.44999999999999996
0.44999999999999996
74.7375
99.64999999999999
54.766666666666666
0.675
0.675
0.46666666666666673
0.46666666666666673
52.233333333333334
52.233333333333334
53.66666666666667
40.25
71.025
71.025
3.675
2.94
0.4
0.33333333333333337
0.31666666666666665
0.31666666666666665
0.2833333333333333
0.2833333333333333
0.24285714285714288
0.18571428571428572
0.18571428571428572
49.385714285714286
57.616666666666674
0.3
0.3
0.22
0.22
48.04666666666666
40.038888888888884
26.2875
26.2875
27.429166666666667
27.429166666666667
5.885
5.885
0.3812500000000001
0.5083333333333334
0.8750000000000001
0.5833333333333334
0.49166666666666675
0.49166666666666675
10.125
13.499999999999998
0.6166666666666667
0.6166666666666667
0.7500000000000001
0.7500000000000001
0.5499999999999999
0.5499999999999999
51.4
125.6
125.6
78.2
78.2
78.2
71.23333333333333
35.61666666666667
0.7000000000000001
0.7000000000000001
0.7000000000000001
1.4000000000000001
1.6
1.6
69.6
69.6
75.75
75.75
70.8
70.8
1.3
0.65
34.516666666666666
34.516666666666666
0.4333333333333333
0.4333333333333333
0.46666666666666673
6.666666666666667
10.0
0.7666666666666667
50.78333333333334
50.78333333333334
103.25833333333334
77.44375000000001
0.545
0.545
0.38000000000000006
0.4750000000000001
0.3166666666666667
0.25333333333333335
0.36250000000000004
0.36250000000000004
