-0.22754511510156333 0.0 -0.23136986461190737 0.0 -0.23666341363906762 
-0.29787522938984246 0.0 -0.3122617303323442 -0.41301935515690974 -0.36892972078687003 
-0.4468128440847636 0.0 -0.48340709568725126 -0.5421112812828562 -0.528593242055719 
-0.5037899232913615 0.0 -0.5070601713250059 -0.5911952524959115 -0.719084471331237 
-0.6297374041142019 0.0 -0.6601967564581896 -0.63758776412442 -0.7276265082966168 
-0.7076777484652983 0.0 -0.7291642206301235 -0.7006327532680962 -0.8289344857886547 
-0.7716175551065017 0.0 -0.8473373473134161 -0.844980892032345 -0.7947499960864722 
-0.4891294950696721 0.0 -0.5423222880000002 -0.6616998524053077 -0.714813542837281 
-0.5502706819533811 0.0 -0.5921100000000001 -0.6518844869680003 -0.5750302609 
-0.526678655391 0.0 -0.6579000000000002 -0.5192355087100001 0.0 
0.0 0.0 0.0 0.0 0.0 
0.0 0.0 0.0 0.0 -0.127 
0.0 0.0 0.0 0.0 0.0 
0.0 0.0 0.0 0.0 0.0 
0.0 0.0 0.0 0.0 0.0 
0.0 0.0 0.0 0.0 0.0 
0.0 0.0 0.0 0.0 0.0 
0.0 0.0 0.0 0.0 0.0 
0.0 0.0 0.0 0.0 0.0 
0.0 0.0 0.0 0.0 0.0 
0.0 0.0 0.0 0.0 0.0 
0.0 0.0 0.0 -0.10900000000000001 0.0 
0.0 0.0 0.0 0.0 0.0 
0.0 0.0 0.0 0.0 0.0 
0.0 0.0 0.0 0.0 0.0 
0.0 0.0 0.0 0.0 0.0 
0.0 0.0 0.0 0.0 0.0 
0.0 0.0 0.0 0.0 0.0 
0.0 0.0 0.0 0.0 0.0 
0.0 0.0 0.0 0.0 0.0 
0.0 0.0 -0.018000000000000002 0.0 0.0 
0.0 0.0 0.0 0.0 0.0 
0.0 0.0 0.0 0.0 0.0 
0.0 0.0 0.0 0.0 0.0 
0.0 0.0 0.0 0.0 0.0 
0.0 0.0 0.0 0.0 0.0 
0.0 0.0 0.0 0.0 0.0 
0.0 0.0 0.0 0.0 0.0 
0.0 0.0 0.0 0.0 0.0 
0.0 0.0 0.0 0.0 0.0 
0.0 0.0 0.0 0.0 0.0 
0.0 0.0 0.0 -0.20710000000000003 0.0 
0.0 0.0 0.0 0.0 0.0 
0.0 0.0 0.0 0.0 0.0 
0.0 0.0 0.0 0.0 0.0 
0.0 0.0 0.0 0.0 0.0 
0.0 0.0 0.0 -0.15400000000000003 0.0 
0.0 0.0 0.0 0.0 0.0 
0.0 0.0 0.0 0.0 0.0 
0.0 0.0 0.0 0.0 0.0 
-0.026730900000000002 0.0 -0.037359 0.0 -0.118 
-0.018000000000000002 0.0 0.0 -0.11140578100000001 -0.127 
0.0 0.0 -0.054000000000000006 -0.118 -0.136 
0.0 0.0 0.0 0.0 0.0 
0.0 0.0 0.0 -0.136 0.0 
-0.054000000000000006 0.0 0.0 -0.145 -0.163 
0.0 0.0 0.0 -0.15400000000000003 0.0 
0.0 0.0 0.0 -0.163 0.0 
0.0 0.0 0.0 0.0 0.0 
0.0 0.0 0.0 0.0 0.0 
0.0 0.0 0.0 0.0 0.0 
0.0 0.0 0.0 0.0 0.0 
0.0 0.0 0.0 0.0 -0.136 
0.0 0.0 0.0 0.0 0.0 
0.0 0.0 0.0 0.0 0.0 
0.0 0.0 0.0 0.0 0.0 
-0.063 0.0 -0.126 0.0 0.0 
0.0 0.0 0.0 0.0 0.0 
0.0 0.0 0.0 0.0 0.0 
0.0 0.0 0.0 0.0 0.0 
0.0 0.0 0.0 0.0 0.0 
0.0 0.0 0.0 0.0 0.0 
0.0 0.0 0.0 0.0 0.0 
0.0 0.0 0.0 0.0 0.0 
0.0 0.0 0.0 0.0 0.0 
0.0 0.0 0.0 0.0 -0.163 
0.0 0.0 0.0 0.0 0.0 
0.0 0.0 0.0 0.0 0.0 
0.0 0.0 0.0 0.0 0.0 
0.0 0.0 0.0 0.0 0.0 
0.0 0.0 0.0 0.0 -0.118 
0.0 0.0 0.0 -0.10900000000000001 0.0 
0.0 0.0 0.0 0.0 0.0 
0.0 0.0 0.0 0.0 0.0 
0.0 0.0 0.0 0.0 0.0 
0.0 0.0 0.0 0.0 0.0 
0.0 0.0 0.0 0.0 0.0 
0.0 0.0 0.0 0.0 0.0 
0.0 0.0 0.0 0.0 0.0 
0.0 0.0 0.0 0.0 0.0 
-0.035463591 0.0 -0.11988180000000001 0.0 -0.118 
0.0 0.0 -0.04039020000000001 0.0 0.0 
0.0 0.0 0.0 0.0 0.0 
0.0 0.0 0.0 0.0 0.0 
0.0 0.0 0.0 0.0 0.0 
0.0 0.0 0.0 0.0 0.0 
0.0 0.0 0.0 0.0 0.0 
0.0 0.0 0.0 0.0 0.0 
0.0 0.0 0.0 0.0 0.0 
0.0 0.0 0.0 0.0 0.0 
-0.13905955002974385 -0.1408633886854088 -0.14744513700000003 0.0 -0.277021414 
-0.21067146215640004 -0.2120553561300189 -0.2543616 -0.23020272447683343 -0.3073258000000001 
-0.3160071932346001 -0.33056176599966924 -0.3173994000000001 -0.39412929624400006 -0.3390971694141524 
-0.283708728 -0.241370904727371 -0.32368680000000005 -0.31615282211228757 -0.39157256800000007 
-0.35463591 -0.36522760340904126 -0.4112100000000001 -0.4969719280000001 -0.40492000000000006 
-0.4255630920000001 -0.48280165307815903 -0.47595600000000016 -0.5655390091559502 -0.6639074170059736 
-0.496490274 -0.5350413562237448 -0.5664519000000001 -0.6095057500000001 -0.4888720000000001 
-0.4262654880000001 -0.3142084032000001 -0.42336000000000007 -0.44811999999999996 -0.2706832 
-0.32238000000000006 -0.2834062029 -0.48357000000000006 -0.4840812323200001 -0.28809999999999997 
-0.5192361000000001 -0.28951200000000005 -0.5373 -0.51450949 0.0 
0.0 0.0 0.0 0.0 0.0 
0.0 0.0 -0.054000000000000006 0.0 0.0 
0.0 0.0 0.0 0.0 0.0 
0.0 0.0 0.0 0.0 0.0 
0.0 0.0 0.0 0.0 0.0 
-0.10800000000000001 0.0 0.0 0.0 0.0 
0.0 0.0 0.0 -0.20800000000000002 0.0 
-0.14400000000000002 0.0 0.0 -0.22599999999999998 -0.262 
0.0 0.0 0.0 -0.24400000000000005 0.0 
0.0 0.0 0.0 0.0 0.0 
0.0 0.0 0.0 0.0 0.0 
0.0 0.0 0.0 0.0 -0.15400000000000003 
0.0 0.0 0.0 0.0 0.0 
0.0 0.0 0.0 -0.15400000000000003 0.0 
0.0 0.0 0.0 0.0 0.0 
0.0 0.0 0.0 0.0 -0.22599999999999998 
-0.126 0.0 -0.18900000000000003 -0.20800000000000002 0.0 
0.0 0.0 0.0 -0.22599999999999998 0.0 
0.0 0.0 0.0 0.0 0.0 
0.0 0.0 0.0 0.0 0.0 
-0.018000000000000002 -0.009000000000000001 -0.027000000000000003 0.0 -0.136 
0.0 0.0 -0.054000000000000006 0.0 -0.15400000000000003 
-0.054000000000000006 0.0 -0.08100000000000002 0.0 0.0 
0.0 0.0 0.0 0.0 0.0 
0.0 0.0 0.0 0.0 0.0 
0.0 0.0 0.0 0.0 -0.22599999999999998 
0.0 -0.063 0.0 0.0 -0.24400000000000005 
0.0 0.0 0.0 -0.22599999999999998 0.0 
0.0 0.0 -0.24300000000000002 0.0 0.0 
-0.18000000000000002 0.0 -0.27 -0.262 0.0 
0.0 0.0 -0.027000000000000003 0.0 0.0 
0.0 -0.018000000000000002 0.0 0.0 0.0 
0.0 0.0 0.0 0.0 0.0 
-0.07200000000000001 0.0 0.0 -0.15400000000000003 0.0 
0.0 0.0 0.0 0.0 0.0 
-0.10800000000000001 0.0 0.0 -0.19 0.0 
-0.126 0.0 -0.18900000000000003 0.0 0.0 
0.0 0.0 -0.21600000000000003 0.0 0.0 
0.0 0.0 -0.24300000000000002 0.0 0.0 
0.0 0.0 0.0 0.0 0.0 
-0.035820000000000005 -0.03409461000000001 -0.027000000000000003 0.0 -0.136 
-0.036000000000000004 -0.03420000000000001 -0.054000000000000006 -0.118 -0.15400000000000003 
-0.054000000000000006 -0.027000000000000003 -0.08100000000000002 -0.136 -0.17200000000000004 
0.0 0.0 0.0 -0.15400000000000003 0.0 
0.0 -0.045000000000000005 -0.135 -0.17200000000000004 -0.20800000000000002 
0.0 -0.054000000000000006 -0.16200000000000003 -0.19 0.0 
0.0 -0.063 0.0 -0.20800000000000002 0.0 
0.0 0.0 0.0 -0.22599999999999998 0.0 
-0.16200000000000003 -0.08100000000000002 0.0 -0.24400000000000005 -0.27999999999999997 
0.0 0.0 0.0 -0.262 0.0 
0.0 0.0 0.0 0.0 0.0 
-0.036000000000000004 0.0 0.0 -0.118 0.0 
0.0 -0.027000000000000003 -0.08100000000000002 0.0 0.0 
0.0 -0.036000000000000004 -0.10800000000000001 0.0 0.0 
-0.09000000000000001 0.0 -0.135 0.0 -0.20800000000000002 
0.0 0.0 -0.16200000000000003 -0.19 0.0 
-0.126 -0.063 0.0 0.0 -0.24400000000000005 
-0.14400000000000002 0.0 -0.21600000000000003 0.0 0.0 
0.0 0.0 0.0 0.0 0.0 
0.0 0.0 0.0 0.0 0.0 
0.0 0.0 -0.02943 0.0 0.0 
-0.036000000000000004 0.0 0.0 0.0 0.0 
0.0 0.0 0.0 -0.136 0.0 
-0.07200000000000001 -0.036000000000000004 0.0 -0.15400000000000003 0.0 
0.0 0.0 0.0 0.0 -0.20800000000000002 
0.0 0.0 0.0 0.0 0.0 
-0.126 0.0 -0.18900000000000003 0.0 -0.24400000000000005 
0.0 0.0 0.0 0.0 0.0 
0.0 0.0 0.0 0.0 0.0 
0.0 0.0 0.0 0.0 0.0 
0.0 0.0 0.0 0.0 0.0 
0.0 0.0 0.0 0.0 0.0 
0.0 0.0 0.0 -0.136 0.0 
-0.07200000000000001 0.0 -0.10800000000000001 0.0 -0.19 
0.0 -0.045000000000000005 0.0 0.0 0.0 
0.0 0.0 0.0 0.0 0.0 
0.0 0.0 0.0 0.0 0.0 
0.0 0.0 0.0 0.0 0.0 
0.0 0.0 0.0 0.0 0.0 
0.0 0.0 0.0 0.0 0.0 
-1.8444618000000002 -1.5296868000000001 -1.9708300943279997 0.0 -1.0684 
-0.9359999999999999 -0.04878000000000001 -0.954 -0.118 -1.054 
-0.954 -0.051300000000000005 -0.08100000000000002 -1.036 -0.17200000000000004 
-0.9468000000000001 0.0 0.0 -0.15400000000000003 -1.09 
-0.9900000000000001 0.0 -0.135 -0.17200000000000004 -0.20800000000000002 
0.0 0.0 0.0 -0.19 0.0 
0.0 0.0 0.0 0.0 0.0 
0.0 0.0 0.0 0.0 0.0 
0.0 0.0 0.0 0.0 0.0 
0.0 0.0 0.0 0.0 0.0 
-0.027000000000000003 -0.04361962662381509 -0.036000000000000004 0.0 -0.30403 
-0.157194 -0.2145975989217651 -0.20597400000000005 -0.24373 -0.18100000000000002 
-0.24057810000000004 -0.25815433914 -0.21492 -0.3082654 -0.41334400000000004 
-0.21492 -0.27054000000000006 -0.28656000000000004 -0.35750800000000005 -0.4816135000000001 
-0.5319538650000001 -0.4151249150440526 -0.5040000000000001 -0.5934880000000001 -0.5123800000000001 
-0.32238000000000006 -0.29268000000000005 -0.21600000000000003 -0.23500000000000001 -0.5491000000000001 
-0.5613489 -0.5920906237443 -0.5014799999999999 -0.4978 -0.6198400000000001 
-0.42984 -0.2939400000000001 -0.56664 -0.5818972520827002 -0.343 
-0.48357000000000006 -0.4609800000000001 -0.32400000000000007 -0.6264100000000001 -0.40087000000000006 
-0.5373 -0.36558 -0.7164000000000001 -0.67357 0.0 
0.0 0.0 0.0 0.0 0.0 
-0.054000000000000006 0.0 -0.07200000000000001 0.0 0.0 
-0.08100000000000002 0.0 0.0 -0.15400000000000003 0.0 
0.0 0.0 0.0 -0.18100000000000002 0.0 
0.0 0.0 0.0 0.0 0.0 
0.0 0.0 0.0 0.0 0.0 
0.0 0.0 0.0 0.0 0.0 
0.0 0.0 0.0 0.0 0.0 
0.0 0.0 0.0 0.0 0.0 
0.0 -0.18000000000000002 0.0 0.0 0.0 
0.0 0.0 0.0 0.0 -0.15400000000000003 
0.0 0.0 -0.07686000000000001 0.0 -0.18100000000000002 
-0.08100000000000002 -0.054000000000000006 -0.10800000000000001 0.0 -0.20800000000000002 
-0.10800000000000001 -0.07200000000000001 -0.15696000000000002 -0.18100000000000002 -0.23500000000000001 
0.0 -0.09000000000000001 -0.18000000000000002 0.0 0.0 
-0.16200000000000003 -0.10800000000000001 -0.23544 -0.23500000000000001 -0.28900000000000003 
0.0 -0.126 -0.252 -0.262 -0.31600000000000006 
0.0 -0.14400000000000002 0.0 0.0 0.0 
0.0 0.0 0.0 0.0 -0.37000000000000005 
0.0 -0.18000000000000002 -0.36000000000000004 -0.343 0.0 
-0.05373 -0.04878000000000001 -0.06840000000000002 0.0 -0.15400000000000003 
-0.054000000000000006 -0.06840000000000002 -0.07200000000000001 -0.127 -0.18100000000000002 
-0.08100000000000002 0.0 -0.10800000000000001 -0.15400000000000003 -0.20800000000000002 
-0.20520000000000002 0.0 -0.14400000000000002 0.0 -0.23500000000000001 
0.0 0.0 -0.18000000000000002 -0.20800000000000002 0.0 
0.0 0.0 -0.21600000000000003 0.0 0.0 
-0.18900000000000003 0.0 0.0 0.0 0.0 
0.0 0.0 0.0 0.0 0.0 
-0.24300000000000002 -0.16200000000000003 -0.32400000000000007 0.0 -0.37000000000000005 
0.0 0.0 0.0 0.0 0.0 
0.0 -0.018000000000000002 0.0 0.0 0.0 
0.0 0.0 0.0 0.0 0.0 
0.0 0.0 0.0 0.0 0.0 
0.0 0.0 -0.14400000000000002 0.0 0.0 
0.0 0.0 0.0 0.0 0.0 
0.0 0.0 0.0 0.0 0.0 
0.0 0.0 0.0 0.0 0.0 
0.0 0.0 0.0 -0.28900000000000003 -0.343 
0.0 0.0 0.0 0.0 0.0 
0.0 0.0 0.0 0.0 0.0 
0.0 -0.018000000000000002 0.0 0.0 0.0 
0.0 0.0 0.0 0.0 -0.18100000000000002 
0.0 0.0 -0.11529 -0.15400000000000003 0.0 
0.0 0.0 -0.14400000000000002 0.0 0.0 
-0.135 0.0 -0.18000000000000002 0.0 -0.262 
0.0 -0.10800000000000001 0.0 0.0 -0.28900000000000003 
-0.18900000000000003 -0.126 -0.252 -0.262 0.0 
0.0 0.0 0.0 0.0 0.0 
0.0 0.0 0.0 0.0 0.0 
0.0 0.0 0.0 0.0 0.0 
0.0 0.0 -0.036000000000000004 0.0 0.0 
-0.054000000000000006 0.0 0.0 -0.127 0.0 
-0.08100000000000002 -0.054000000000000006 -0.10800000000000001 0.0 0.0 
0.0 0.0 0.0 0.0 0.0 
0.0 0.0 0.0 0.0 0.0 
0.0 0.0 -0.21600000000000003 0.0 0.0 
0.0 0.0 0.0 0.0 0.0 
0.0 0.0 0.0 0.0 0.0 
0.0 0.0 0.0 0.0 0.0 
0.0 0.0 0.0 0.0 0.0 
-0.05373 -0.04878000000000001 -0.036000000000000004 0.0 -0.15400000000000003 
0.0 0.0 0.0 0.0 0.0 
0.0 0.0 -0.10800000000000001 0.0 -0.20800000000000002 
0.0 0.0 -0.14400000000000002 0.0 0.0 
0.0 0.0 0.0 0.0 0.0 
0.0 0.0 0.0 0.0 0.0 
0.0 0.0 0.0 0.0 0.0 
0.0 0.0 0.0 0.0 0.0 
0.0 0.0 0.0 0.0 0.0 
0.0 0.0 0.0 0.0 0.0 
0.0 0.0 0.0 0.0 0.0 
0.0 0.0 0.0 0.0 0.0 
0.0 0.0 0.0 0.0 0.0 
0.0 0.0 -1.044 0.0 0.0 
0.0 0.0 0.0 0.0 0.0 
0.0 0.0 0.0 0.0 0.0 
0.0 0.0 0.0 0.0 0.0 
0.0 0.0 0.0 0.0 0.0 
0.0 0.0 0.0 0.0 0.0 
0.0 0.0 0.0 0.0 0.0 
-1.8968632742700002 -1.793052965592 -1.151393823 0.0 -1.1926 
-0.157194 -0.9683999999999999 -1.05612721407 -0.2097658 -1.2439000000000002 
-0.08100000000000002 -0.054000000000000006 -0.10800000000000001 0.0 -1.108 
0.0 0.0 0.0 -0.18100000000000002 0.0 
0.0 0.0 0.0 0.0 0.0 
0.0 0.0 0.0 0.0 0.0 
0.0 0.0 0.0 0.0 0.0 
0.0 0.0 0.0 0.0 0.0 
0.0 0.0 0.0 0.0 0.0 
0.0 0.0 0.0 0.0 0.0 
-0.036000000000000004 -0.027000000000000003 0.0 0.0 -0.17686000000000002 
-0.14328000000000002 -0.16809206668024615 0.0 -0.136 -0.41454280000000004 
-0.3207708 -0.3159203400000001 0.0 -0.3390400000000001 -0.24400000000000005 
-0.28656000000000004 -0.30897 0.0 -0.41068000000000005 -0.27999999999999997 
-0.3582000000000001 -0.42534571500000007 0.0 -0.49106800000000006 -0.31600000000000006 
0.0 -0.17172 0.0 -0.27999999999999997 -0.35200000000000004 
-0.5014799999999999 -0.37044000000000005 0.0 -0.31600000000000006 -0.38800000000000007 
-0.28800000000000003 -0.21600000000000003 0.0 -0.35200000000000004 -0.42400000000000004 
-0.32400000000000007 -0.4894020000000001 0.0 -0.38800000000000007 -0.45999999999999996 
-0.7164000000000001 -0.5292 0.0 -0.8274700000000001 0.0 
0.0 0.0 0.0 0.0 0.0 
0.0 0.0 0.0 0.0 0.0 
0.0 0.0 0.0 -0.17200000000000004 0.0 
-0.14400000000000002 0.0 0.0 0.0 0.0 
0.0 0.0 0.0 0.0 0.0 
0.0 0.0 0.0 0.0 -0.35200000000000004 
0.0 0.0 0.0 -0.31600000000000006 0.0 
0.0 0.0 0.0 -0.35200000000000004 -0.42400000000000004 
0.0 0.0 0.0 0.0 -0.45999999999999996 
0.0 -0.27 0.0 0.0 0.0 
0.0 -0.027000000000000003 0.0 0.0 0.0 
-0.07200000000000001 -0.10260000000000001 0.0 -0.136 -0.20800000000000002 
0.0 -0.08100000000000002 0.0 -0.17686000000000002 -0.24400000000000005 
-0.28656000000000004 -0.29268000000000005 0.0 -0.39520000000000005 -0.27999999999999997 
0.0 -0.135 0.0 -0.26272 -0.31600000000000006 
-0.42984 -0.3078000000000001 0.0 -0.532 -0.6688000000000001 
-0.252 -0.3591000000000001 0.0 -0.33058000000000004 -0.38800000000000007 
-0.28800000000000003 0.0 0.0 0.0 0.0 
-0.32400000000000007 0.0 0.0 0.0 -0.45999999999999996 
0.0 -0.27 0.0 0.0 0.0 
0.0 0.0 0.0 0.0 -0.17200000000000004 
0.0 0.0 0.0 0.0 -0.20800000000000002 
-0.10800000000000001 -0.08100000000000002 0.0 -0.17200000000000004 -0.24400000000000005 
0.0 -0.10800000000000001 0.0 -0.20800000000000002 0.0 
-0.18000000000000002 -0.135 0.0 0.0 -0.31600000000000006 
0.0 0.0 0.0 -0.27999999999999997 0.0 
0.0 -0.18900000000000003 0.0 0.0 0.0 
0.0 0.0 0.0 0.0 0.0 
-0.32400000000000007 0.0 0.0 0.0 0.0 
0.0 0.0 0.0 0.0 0.0 
0.0 0.0 0.0 0.0 0.0 
0.0 0.0 0.0 0.0 0.0 
-0.10800000000000001 -0.08100000000000002 0.0 -0.17200000000000004 0.0 
0.0 0.0 0.0 0.0 0.0 
0.0 0.0 0.0 0.0 -0.31600000000000006 
-0.21600000000000003 0.0 0.0 0.0 0.0 
0.0 0.0 0.0 0.0 0.0 
0.0 0.0 0.0 0.0 0.0 
0.0 0.0 0.0 0.0 0.0 
0.0 0.0 0.0 0.0 0.0 
-0.036000000000000004 0.0 0.0 0.0 0.0 
0.0 -0.054000000000000006 0.0 0.0 0.0 
-0.10800000000000001 -0.08100000000000002 0.0 -0.17200000000000004 -0.24400000000000005 
0.0 0.0 0.0 0.0 -0.27999999999999997 
-0.18000000000000002 -0.135 0.0 -0.24400000000000005 0.0 
0.0 0.0 0.0 0.0 0.0 
-0.252 0.0 0.0 0.0 0.0 
0.0 0.0 0.0 0.0 0.0 
0.0 0.0 0.0 0.0 0.0 
0.0 0.0 0.0 0.0 0.0 
0.0 -0.027000000000000003 0.0 0.0 0.0 
0.0 -0.054000000000000006 0.0 0.0 -0.20800000000000002 
-0.10800000000000001 0.0 0.0 0.0 0.0 
0.0 0.0 0.0 0.0 0.0 
0.0 -0.135 0.0 0.0 0.0 
-0.21600000000000003 0.0 0.0 0.0 0.0 
0.0 0.0 0.0 0.0 0.0 
0.0 0.0 0.0 0.0 0.0 
0.0 0.0 0.0 0.0 0.0 
0.0 0.0 0.0 0.0 0.0 
-0.036000000000000004 -0.027000000000000003 0.0 0.0 -0.17200000000000004 
0.0 0.0 0.0 0.0 -0.20800000000000002 
0.0 0.0 0.0 0.0 -0.24400000000000005 
0.0 -0.10800000000000001 0.0 -0.20800000000000002 -0.27999999999999997 
0.0 0.0 0.0 0.0 0.0 
0.0 0.0 0.0 0.0 0.0 
0.0 0.0 0.0 0.0 0.0 
0.0 0.0 0.0 0.0 0.0 
0.0 0.0 0.0 0.0 0.0 
0.0 0.0 0.0 0.0 0.0 
0.0 0.0 0.0 0.0 0.0 
0.0 0.0 0.0 0.0 0.0 
0.0 0.0 0.0 0.0 0.0 
0.0 0.0 0.0 0.0 0.0 
0.0 0.0 0.0 0.0 0.0 
0.0 0.0 0.0 0.0 0.0 
0.0 0.0 0.0 0.0 0.0 
0.0 0.0 0.0 0.0 0.0 
0.0 0.0 0.0 0.0 0.0 
0.0 0.0 0.0 0.0 0.0 
-0.9359999999999999 -0.8972340300000001 0.0 0.0 -1.2268000000000001 
-0.9720000000000001 -0.954 0.0 -1.3100232034 -1.2952000000000001 
0.0 0.0 0.0 0.0 -1.3636000000000001 
-0.14400000000000002 0.0 0.0 0.0 -0.27999999999999997 
0.0 0.0 0.0 0.0 0.0 
0.0 0.0 0.0 0.0 0.0 
0.0 0.0 0.0 0.0 0.0 
0.0 0.0 0.0 0.0 0.0 
0.0 0.0 0.0 0.0 0.0 
0.0 0.0 0.0 0.0 0.0 
