50.0
74.797
12.0171
17.5287
18.9735
40.346
12.638
37.1239
24.1319
18.3085
12.8259
11.6832
14.5221
8.0129
7.5079
223.2464
12.8266
29.9712
11.3098
430.2698
143.2676
13.6191
9.6347
24.0337
12.7583
24.3871
13.1592
24.2933
5.9511
12.1456
122.7155
19.3656
7.4542
27.5982
10.0483
28.964
21.9896
50.9139
22.423
44.545
11.8674
26.9088
18.4562
13.1581
26.4636
21.4949
13.2267
129.3649
33.8739
24.9659
8.4579
8.7007
11.3988
6.3314
13.7212
11.4012
123.664
21.2247
27.7892
8.6356
8.5242
457.1712
5.7828
25.2144
13.7799
14.5831
17.2933
7.5778
23.7623
31.3059
4.6577
17.1177
22.1635
12.5003
6.8059
21.367
17.9071
7.6743
35.0005
6.9111
9.3536
7.0335
6.8298
6.6883
403.3907
5.997
7.056
233.2899
8.1039
36.8874
8.418
16.1022
6.6729
10.6689
16.9983
471.3601
12.5435
30.9238
7.037
661.2362
37.8582
29.4465
7.1615
18.2797
39.7427
13.5288
13.4237
13.9517
20.6015
10.7151
56.3386
7.4617
14.5644
7.6391
80.4691
7.857
11.2508
7.8441
26.9691
8.8155
18.4232
8.2666
13.9304
10.9465
10.2096
11.4935
9.111
366.6908
11.1823
20.0921
12.4448
87.6323
7.2428
7.1947
75.1657
13.7383
7.1596
16.3451
6.1153
8.5333
13.1603
7.7814
6.3982
28.2945
8.1735
8.6548
524.5542
10.046
16.7857
8.3071
9.0395
556.9871
9.223
32.2117
8.6402
151.6306
7.1359
3238.6822
31.7572
9.6797
15.5756
85.4914
17.4766
7.1212
467.2176
98.2051
102.2405
7.3897
59.2879
13.8665
71.7261
5.2237
369.222
10.3289
20.4144
7.6616
17.1704
22.8873
6.8382
6.3922
259.3924
7.613
14.4729
76.4501
6.3885
268.5225
5.2789
16.34
7.223
10.5321
7.0171
15.1977
7.0869
8.905
6.0367
31.3281
4.7009
2310.8173
8.257
8.1611
13.2004
7.0153
331.1799
6.7254
6.8358
5.8853
4.9335
6.3403
7.7207
310.716
3738.8058
148.8158
5.5114
6.8333
8.7768
5.9337
5.7534
182.5069
5.2939
812.6178
24.9633
7.1354
26.7346
17.3172
4.9753
20.8179
12.467
7.334
22.0086
22.5144
6.2292
35.09
13.8432
6.3306
56.9153
11.4015
7.3032
6.1353
6.8835
6.6945
6.7231
7.0289
6.2968
396.4809
35.8797
5.7443
20.4742
23.347
5.6445
5.8618
7.2844
520.34
5.9811
7.7087
6.4918
6.309
430.9133
6.3972
439.3082
33.8971
6.9041
72.8653
45.299
36.3108
7.5024
25.5922
25.4181
35.292
8.1344
18.0771
16.9367
7.2527
11.3406
249.5559
6.7975
35.169
7.5046
773.3755
16.66
5.1538
43.9351
16.2705
14.9429
6.7879
19.9923
21.84
5.5191
9.3928
11.0401
89.9301
6.0113
442.9299
19.2659
6.6443
56.2622
17.6727
6.1389
691.8486
30.7802
31.2865
5.7904
53.7463
34.7831
13.3918
6.1265
925.3396
33.7428
22.9827
5.8194
26.9359
21.3365
11.3324
6.2337
15.4439
5.5146
366.9658
43.4345
7.4354
30.1858
16.7269
5.7287
17.6262
15.8257
7.6017
11.6164
7.2815
7.1977
8.6123
6.4004
264.1833
6.2093
405.9972
38.5162
7.3399
21.7084
20.9615
7.2031
8.1366
6.3081
6.1552
363.374
6.8286
8.1656
6.4696
6.1987
8.226
7.4604
2633.7482
6.1265
6.92
6.5172
7.0706
350.6628
5.2981
7.5319
6.9424
8.2618
2290.0472
7.0706
103.6907
7.0281
249.0501
244.7986
6.8905
6.8849
54.3834
39.6924
70.8753
24.7066
7.8199
300.1669
26.904
7.7686
76.6434
20.5103
27.3253
7.8875
88.5741
17.8744
14.0674
7.3821
444.0983
15.0745
22.0415
7.2601
8.4785
77.6281
15.1023
7.8276
89.1923
22.709
16.9709
6.014
17.519
15.6238
7.0717
6.3344
6.0017
253.6748
6.0938
1294.7878
41.0537
13.9139
8.5618
601.8612
41.3665
25.0538
8.3561
119.0075
8.0703
17.0881
14.3192
6.9271
6.5609
5.9095
156.6766
7.1227
5.4698
4.9637
7.2904
7.8966
7.2166
513.8711
8.9855
2996.5661
7.9699
289.4324
17.6087
9.2746
45.8866
17.6799
21.2265
74.4689
248.5472
6.7595
122.6499
7.2638
11.5784
5.8523
5.1176
6.7741
28.771
6.8025
164.7901
4.8537
14.1832
7.8505
5.2288
5.9434
3716.4234
6.2189
120.2723
6.8934
6.4882
6.5088
22.018
5.9331
3281.5336
9.4288
7.26
7.9656
7.2887
7.1048
7.1024
7.3562
7.1172
7.1474
8.3407
6.4107
6.6817
6.8199
6.6496
6.7612
6.1289
275.7337
6.9525
6.7437
439.2916
15.5198
7.7681
9.208
7.9967
13.0489
6.74
8.2922
7.7105
4.5691
6.7632
7.0436
208.0055
6.5512
6.1721
7.8707
5.9189
18.9854
6.5145
86.2467
21.9061
7.0323
7.1232
6.5028
541.2251
7.3905
6.8521
7.2432
155.0998
4.8177
187.3654
7.8866
5.9995
95.1215
6.4193
8.0699
119.6421
6.4445
321.61
76.3363
6.7794
6.9386
6.0262
10.4601
8.0805
8.494
7.0907
7.7084
7.8382
7.5395
6.5211
6.1699
7.757
203.4777
7.4783
199.3726
7.0792
34.3436
7.8019
6.6739
5.6427
5.6349
14.4336
7.5618
3271.0303
45.6492
40.6181
5.7118
29.6621
16.1984
7.8891
17.5452
5.4796
7.2555
6.8025
776.09
7.8127
108.0398
27.6439
5.6543
399.9494
38.0112
111.0587
7.4218
213.2554
65.4121
7.2777
8.0931
15.1493
7.2466
35.4632
14.3971
66.7178
15.0282
7.4742
6.8937
7.6192
6.4931
811.4083
7.5051
39.285
5.696
20.8895
7.0714
6.5193
6.5539
264.8808
7.7817
5.53
5.9783
5.6283
7.5547
7.0571
8.0663
7.7696
202.4754
8.0355
79.553
33.7214
7.561
5.9171
6.496
7.3561
190.8531
6.357
8.0201
7.6774
6.8312
6.6764
6.9763
6.8799
7.3019
520.7612
5.8583
21.1023
8.9598
5.1016
5.5402
6.3338
6.2754
6.3056
5.3298
379.7906
10.3095
22.7741
7.0739
47.9709
7.1259
7.2549
7.2235
6.3876
35.6042
20.482
21.4052
7.4704
558.317
28.6762
9.4292
6.3379
15.8638
10.3833
19.5615
19.9694
6.8836
7.9063
6.9763
8.0282
278.3559
5.9331
50.5719
9.3048
20.0455
5.9824
6.8377
4.3074
7.4921
566.5003
5.425
35.9077
5.9842
38.2053
52.6303
8.8059
38.4921
26.6283
6.1795
9.3828
7.3713
9.8161
6.8247
8.1738
7.7301
6.5258
7.1397
246.5273
5.8198
6.592
5.6236
7.9319
6.1482
501.0141
6.6886
6.136
7.3636
8.0686
6.2153
1193.4919
8.1101
6.0819
6.3914
5.8771
493.9164
5.5554
530.7627
50.3972
7.2534
2753.2961
13.8511
7.0691
5.7042
4.9212
349.9116
6.9515
88.3403
203.4121
7.6994
42.6358
21.5905
9.8858
1393.073
17.2433
9.4203
1369.4605
38.1726
24.5718
5.7311
18.9369
24.6387
21.0498
6.6782
505.4344
13.8508
17.9289
6.7825
17.2455
17.3733
7.8941
16.4711
15.5898
5.9306
5.6149
6.9095
177.4329
5.0035
81.1291
15.7235
5.3139
16.1815
28.358
5.4337
19.3465
16.9841
5.9305
6.162
6.7725
6.274
6.4921
13.5373
6.321
6.4583
5.4536
4.934
5.0657
456.833
6.3889
210.8129
39.2328
7.6576
21.1798
7.6267
7.9463
6.4183
6.8466
5.4153
5.3167
6.6174
7.9517
5.55
30.2884
5.27
18.3238
5.0794
17.4791
5.6873
7.8177
9.6206
5.8364
391.4493
43.361
38.0708
6.3787
28.7119
12.3146
30.3756
5.0954
38.8985
6.1716
119.8235
17.1883
7.2565
17.0987
6.7361
17.7135
6.5009
114.3294
8.3014
26.784
5.5279
5.6485
7.9406
14.3097
9.8317
51.5608
30.3521
9.5546
16.8955
5.9461
6.5366
6.3166
12.6222
6.0908
7.1627
383.2154
6.0469
31.5687
8.0177
238.1294
33.9492
6.4321
489.7443
47.4059
18.3291
7.2487
14.1002
6.9611
10.4257
7.5595
4.8264
7.202
7.5561
6.0004
11.5206
6.3508
15.1694
35.5705
21.9638
7.7855
15.7432
12.344
497.8353
6.783
55.565
8.1191
11.0619
6.434
9.1884
7.2272
6.8506
5.8579
7.2102
292.8983
7.6736
6.6981
16.2553
6.7394
389.7799
28.2162
24.7793
7.7881
15.4853
30.0229
8.9738
7.5516
16.9374
11.9499
6.7236
6.4639
7.1754
17.0107
7.3391
212.0593
7.7866
54.5912
16.8861
6.2914
21.4824
26.6533
7.8537
18.1964
6.5817
6.757
5.7131
7.3051
7.2712
10.0822
6.7276
7.6834
7.227
8.9162
6.6019
15.0741
14.7987
9.7656
6.4559
39.3147
21.0825
7.9547
116.3469
12.8956
16.9966
21.8859
15.0623
23.7008
5.2126
30.7472
9.4807
5.9893
6.4597
7.6198
6.581
7.4189
15.6283
6.0104
8.6404
6.6196
8.2332
5.8103
5.7307
6.505
14.4212
7.5999
10.0262
7.9955
7.5126
6.3135
17.8904
7.2931
6.6201
9.7486
27.1871
7.1246
56.2439
6.3587
7.603
172.8031
7.7542
29.4509
8.2181
5.6365
6.7919
8.0977
6.8387
8.0737
20.1059
9.4322
448.8525
6.2067
8.7759
60.9079
14.2129
6.9801
16.0837
18.4134
8.2363
164.9349
20.3899
6.6418
6.1616
4.1922
48.6926
9.3942
5.4036
20.1156
5.4229
25.2172
8.9851
7.3722
5.3878
5.8032
6.9487
7.07
7.2248
376.3656
7.0656
24.022
6.6178
6.6168
7.6107
5.3359
4.7278
5.8693
7.5848
4.6716
295.8177
8.1875
5.3841
492.6047
5.3367
7.8405
6.8128
6.737
7.5649
6.6359
8.6175
10.595
7.5296
219.383
6.9599
890.8901
6.9562
13.4471
6.7456
77.9638
5.9709
6.0037
5.5259
5.5784
6.1057
6.315
378.4063
9.3108
7.0093
7.0805
491.5261
5.603
6.3367
6.8116
6.5726
136.0664
6.5714
6.1111
14.2226
17.0798
8.1929
431.6967
28.0705
26.8402
6.5614
30.2553
16.3239
23.9616
8.5146
17.5268
28.3959
19.7515
6.0348
26.2464
46.8874
10.0803
5.0995
125.7589
69.1172
7.4493
521.6418
245.1407
6.1637
652.1863
163.7034
177.7299
6.656
30.6954
22.8309
7.8501
7.7709
9.9637
221.3878
5.1
7.0865
46.98
78.2984
4.9024
16.8835
58.14
8.497
1244.7074
26.2955
6.4602
26.9121
7.0051
6.386
6.9033
6.4651
919.1599
6.8753
490.4694
8.9362
27.9734
6.8035
30.3701
26.7646
7.9941
19.0551
6.8533
27.1818
