16.25
30.484676820376812
28.57601930479916
33.800000588987444
36.59502380013186
36.22063420214353
40.739498854723244
53.9414787559305
59.548465358308256
58.34993462288952
54.60226285271554
52.49511535730558
51.48771998305496
48.76881264049431
50.911695241311705
49.049408617930204
60.65839473460676
56.17561148767428
54.723747054017494
50.171944101574894
64.90389091296665
80.19365388068667
74.78426004221238
71.13840929962248
70.18850509031029
70.97124655571542
72.01198287504906
68.71892497688852
67.2958142236624
61.91904190244355
57.82515984750341
79.45649055863535
80.52605226682142
75.18456096850437
74.22945655775034
70.8248573140446
73.93029348736569
82.60702542403247
87.2149407069078
99.89881844025189
100.63547449423228
108.4011747530776
105.55871204304421
103.48031918390829
97.55989087742024
93.57698051595766
92.98671721449891
89.11619936739767
82.91656134978254
91.78581888248661
86.55380755646755
84.85801165009728
79.56745366881918
78.19341350045093
77.28301003615218
71.803157636585
71.23528628065367
65.90388068617607
61.10756793651283
75.7615422261994
73.61071480585778
73.46807268816316
73.01053420125787
69.17059089971706
86.209558457975
81.76708158125564
86.09760490861396
86.70724793350001
86.21487522323966
79.98791125777484
77.16943586426255
75.38097221954018
79.56533636343927
87.3007359726869
80.6632448652935
74.66647578226015
78.00218982525519
79.79652398600805
74.28761027254274
69.72371589792384
72.05191576512917
75.30675816816176
70.87775131404365
68.73617043326522
62.21141862261792
56.65541854102691
53.717646535827456
53.49748193138084
53.256348027667
79.62158797740433
72.31230538715594
67.50340311236978
76.9594675605896
70.75972749080655
83.06832646887088
78.28151083486173
81.27041054522135
76.31576150373915
76.1664071080465
76.33063140208085
72.16704807360405
97.23366429751879
92.59636854083158
93.17892314668202
86.80180695954319
103.05372658378215
108.64502723449503
102.04706436338067
94.51614716009465
91.93397334530877
91.10067659682868
87.75336040671388
84.14988036014223
76.74388376756737
71.49000383144464
70.43538510799812
65.91326356618791
70.22122394880002
65.29065651220256
61.75878096218923
58.36439574860848
60.19408933940923
57.46737910249381
56.595627574203256
55.01313674008376
63.301579781492464
60.40487539300579
63.177713660496316
58.87218694827754
57.838983615014016
56.32877710797881
52.08801109149419
47.63746817267738
44.79903220298475
72.16436536465707
94.8343740206016
89.2075442704559
81.6906890471354
79.94404582395983
75.09960605858706
75.4820825706678
70.15537015012568
65.01082601935971
65.77029997004415
63.14532736838644
63.20229468748588
67.82852676308639
66.36763159138268
63.34367217813425
57.8041815525864
55.81653818607848
56.58648469210659
56.66416250676002
57.53515436470597
53.02902650975832
51.364717323877365
72.39351404726766
72.34525706489727
76.32092797111257
70.4951393478746
66.35147223783304
66.4265376572647
86.83021403089354
80.58975767484628
77.40051736555309
77.09786771407832
90.42185303189815
83.06799991623643
107.83969514997484
114.76300719378885
107.33787014386398
99.89705961184131
113.96527374379504
109.23261318816732
99.22467051696383
111.59548982886662
108.72409039626811
106.41468688413676
96.32240529574672
87.56004532889142
89.74604398936751
82.17390499241675
80.48592869051714
73.26580660151157
85.16861417165828
78.58485355273342
79.86329472905359
73.34206801593248
73.64759989674225
73.34133145068226
68.04888388175297
63.23229288279701
82.79889100962221
80.30214829797814
78.43229952576448
94.2068768867327
100.41026989954953
90.86727259659413
112.3907487950849
102.57107645920256
102.55078124280242
98.85491125510045
96.36399992317321
87.44196584143221
84.35382177721843
81.62696021232343
79.03325047209641
73.91970481412717
72.44528405788022
66.22294629981333
61.38256647703757
88.43135265075381
82.02066733441934
77.91331832430009
72.6114912840216
69.01214353124358
91.95570606380076
85.6728789965571
78.91421022123077
73.03323547151696
67.69939995841877
62.891439673536766
59.58651347469417
55.218515560446626
72.03158367307066
98.7122720281128
101.45429411152263
92.3783784655108
84.20680381263792
78.4311355117677
76.05653867978899
72.35037706391022
86.35592028498007
106.3193301162983
96.8818082969814
113.30510407332288
108.69302731523413
98.08514149542403
95.20429452562053
88.57500203360156
80.92046475738408
77.1842940163666
71.00272304778909
65.80656622577085
64.87855731080337
62.16386656435513
57.32296964010472
67.92327990890654
69.91743213577737
64.00436676522368
72.2906773786687
70.36335765888653
66.21957471129389
61.131310780718174
57.183068821971915
55.157621379196755
55.2151694263526
52.06529798138207
47.85899871340632
46.30842750123961
66.34107517947861
65.9040425072071
61.581571864460294
69.72212447644273
76.14272380713678
70.29350969213046
65.77443963877235
60.98143812849124
55.83961268833224
79.87167043682136
72.46461903467541
70.98969736660065
65.19275861329594
60.083714025680166
82.79384279115443
76.31551983364743
98.96236916162975
96.01404508723348
87.65583856176396
85.79585782624581
88.95859585303218
86.56410930945636
78.45520634611279
76.4638159284775
77.28059916991647
86.27054655069327
78.55666969689462
82.40870906977342
84.3789649301527
77.08943562583201
76.97927678148262
86.9960500358326
80.22567543220912
77.56007588814218
77.19893647114345
72.5716281123463
98.12320558205231
97.22077911666828
88.65809271133692
89.31865315958414
84.16588924877514
84.43762461176443
81.96875055046225
76.92609652197848
74.69023620624733
68.36845676101329
64.02356099546653
60.50545452755437
65.12148684070822
60.072074770121134
55.14187388786792
82.46849532642682
79.49954076132106
72.36733345746093
73.6276432425226
70.17329584842813
64.87168487045005
89.85417608581004
88.60304895240415
86.47185468772395
80.63849732974194
84.1464654738043
79.27376762467807
75.22368257420173
69.16197618967668
93.46312239307595
98.57890739408694
97.73466832911781
93.60035794425096
97.92086782969098
95.90840215900785
98.88570172495878
91.0198043522426
84.9818802268008
84.0418884830266
76.60747063107921
101.04500469414741
101.7476255721399
93.15377799789505
90.25630710986489
92.75014930327592
88.09530922132704
82.65447404538439
76.92772940335489
72.62124277950018
72.20387929839457
68.02874250819796
67.09576424313678
66.73591628691126
62.96079775003778
81.42586239944762
74.73237076500932
68.42022859060158
93.84044208072974
96.8923714742789
90.59404618966043
84.05904102434597
78.91553144418442
71.38646794018723
64.76632899658796
58.79124492640207
54.147162676366335
65.08405939946587
59.34441980377721
54.61411120178664
50.245482341121786
47.22909851618078
44.00556701770649
40.43826695411823
37.07710194751721
65.96257229212229
60.19579263255848
55.148466813536544
52.253919057306874
48.034436085622694
68.0415614917007
63.388690892076674
57.48862323750675
52.22755991609125
50.17022374657415
75.99519744630987
68.89281126528066
69.52275254475077
62.921488205306964
62.078070254793175
72.84178173545091
80.75716637683554
75.48773307698468
68.36393088634998
66.51840780092962
61.413432490259645
60.11787167758461
55.37497950141436
50.44357534089124
73.25003711996393
69.07472925580382
67.94975110919643
62.303006087706635
64.86281776219938
61.42491699384776
59.275472427245504
54.72015047477286
57.08417973954797
51.89958931958366
47.650108845265
43.429077673098675
59.955145507515375
56.541742502788495
56.86935505206829
56.46402874226377
51.61695176194313
52.460453532871156
59.84461570398638
57.55995251006599
77.5085943740947
76.48082953191995
80.59610739095878
83.69931728756211
77.28307760889706
80.4991026375436
82.81710989049294
80.33478079307083
74.29326492736259
72.57168926677089
88.22540377470143
83.97854406520949
109.39632681090123
117.00044854190415
116.88106511162763
110.1828011770535
131.80458301384328
134.27930954242103
134.39713211525628
122.9295567049238
137.03564641891418
124.15783852447193
116.74665692445076
110.29083677387126
104.97790979724284
95.83101313277498
87.52981093848527
102.46165391714312
95.47903522672588
86.70356361196329
78.84529525737102
71.47100490711934
67.40392503324682
61.922630181388705
60.015708192453765
84.72185986967074
80.21027721850534
106.17255471465026
96.62075808184917
115.20117755014851
110.64654231204713
101.8772759642073
101.43127033858504
98.78903425269517
98.1632744631824
97.3513925622156
117.94762269510255
106.98349849129127
107.57535511812097
97.36753302267809
88.36177480566711
84.44560130729707
77.40921451559305
71.91858736015406
66.97076982628111
64.58415612476489
58.60523109376117
69.40625234350104
63.69796765630652
61.948428237628896
56.58840776070523
51.724333394323665
46.92292507663798
75.2890288618133
74.31898079047802
95.7241052205173
89.48167416118378
82.94314542712662
77.32752892766906
77.8356006413502
72.36986471329875
66.20980718312633
92.18828604920645
84.29396894217165
76.57656012264458
72.7835990335287
69.51959835469903
67.82695825172436
65.96923399618552
62.54740333349008
58.95348892840509
57.73646640885598
53.7472702504162
52.27319566799249
49.827957063181934
49.802781082954866
45.282824164671624
41.589133565577676
42.080906283942895
38.195765078057164
42.214414033236636
38.3311854568364
34.93388976834944
39.85267690723997
36.25305943563727
32.9324252827066
30.31167597065958
27.912295124388812
27.55600188241672
31.516645380792095
29.716093009039714
28.107768979749626
28.588274998514223
26.956329944715364
28.80874435563966
50.26153616124871
49.93771820885718
47.54408600990895
47.287954678676385
45.18851934016888
43.32808703453519
40.14682729025201
50.26705494656332
46.27715534543686
43.480285704162355
40.200040786264154
38.799411504795536
67.42224184977049
61.838471724773704
61.048452670454154
56.970895338846205
53.40884147142333
75.1479217663487
71.69236689763855
84.9086870206871
81.47161877084612
78.38060893770074
95.85607283508521
90.29367089351481
87.3096902470905
100.44629142360093
90.86172532338533
96.43079872032598
90.01576069030558
81.31378877544655
73.42181716796638
71.85064156099334
70.75138352887403
64.53730089876555
58.69953662185258
54.682022148953344
49.655097337586675
48.00245958880801
44.97182949510621
40.841803863808664
37.44458334400791
34.00863376028286
37.0576091947066
62.384327857530074
59.10321100819276
78.66817942332027
75.74196977488995
72.98805089175606
68.99546785637037
64.57250822969255
61.56326265831248
60.02971256855887
64.0641748492915
58.5000601800266
87.25768806045035
96.21528326415832
90.49348224306314
85.68138335586862
77.70935057807533
74.51962686724099
70.70067465448895
64.93703632012654
63.3281180567148
57.81122141689933
52.924690143243566
48.15830612847839
65.57323381739758
62.55932838337564
69.52696357201822
64.54596167911856
59.7787856451802
54.68291330772629
82.1354808026827
78.61858319688348
85.02293029959846
77.20877523896628
84.40267457507584
84.21168116079885
78.20861103487915
71.31523570884664
64.46260858595676
64.28867451619541
58.17170522604043
54.19144520730471
49.09836083168212
53.74480129545445
48.73287131848367
45.60282272917521
41.75563216504211
37.90932091496623
34.39889863236718
46.583188616735896
45.31818410736031
41.93909002777421
38.261114775542204
35.61957736524826
32.571782536965245
29.691146361413384
26.993056363854066
42.92131332063583
38.966939017852596
35.21409441937369
31.858578746215176
29.045388629832235
27.88073248254908
26.5891010738504
24.08165806803226
22.705507441494692
23.75701030738605
44.5940059943746
41.484840522150684
42.100625381363685
40.713031168900145
37.89538050175697
34.44747471008214
37.68165348770059
35.20677610281581
55.851937907853234
55.92675429259576
52.250473355767646
52.17170917406961
51.47320762289299
47.5438753853517
45.06196890007358
46.24048824047172
43.9044747560621
44.975141656223826
73.3522581014211
70.17968262463127
67.15971422684099
66.4774638999482
63.6564231817743
58.20499752748185
57.375211229081
56.21450378416497
55.067403984667365
50.379184664293234
77.02838669628869
77.26781986649043
76.98809998125925
75.33512752922078
68.46281449727644
63.22668521196144
57.66474561723213
52.810233706635344
49.56338513231094
45.17359113240467
47.637615884433785
45.760278475163155
46.82055859171865
43.8522116699665
67.832494524941
66.51421275364427
62.49630153761766
62.672662542655665
69.40339707496588
63.7809175642043
59.510714266363166
61.38832403778236
60.67900571225822
57.90164402644642
55.8743979176161
54.04132561927737
53.04359502448357
69.63029563828923
67.10435662458146
78.58224231902109
76.16391278633357
81.6741094938251
75.36223233918396
69.28603908438268
65.18470890909197
64.33560434706736
91.38787625883845
86.61855129547905
84.91341874383362
77.32649009786525
75.80291194617679
81.81163732120497
81.61129361270015
79.72000906710075
80.38622803869434
73.31257269855762
68.95621523810419
62.921284193589976
60.163065263209994
58.82344388596212
54.56999392809215
57.54528023019939
56.15207037053294
53.05080318902906
49.9482288437602
69.12377819932269
63.34695148624236
58.29012525635891
54.946430709648595
51.4749130067016
50.92577842074301
76.13784309850615
69.41228301935458
67.14705916785361
61.76727500001743
58.72841657889214
55.35341048345814
80.18739411882136
72.99299906576057
66.24878736012624
65.74977842209869
63.04642253216419
85.53077898830287
79.43348934800612
103.8292906648621
114.65121013276777
110.72783182061103
106.77180688030819
130.03011309063697
121.44652784422523
109.73749409524807
100.30936377876063
91.43897438248003
104.17223629645449
94.95109606241215
93.53535285036449
108.17210037705512
98.62509859431984
91.16167614300407
84.42664434499069
76.96863703650159
101.42434705585184
93.30721574366176
85.99756548074336
107.44220722472274
103.42829189559855
101.93846089326031
107.57774715771475
100.19932385904417
101.9873107905948
103.59108130599728
99.90478966961544
91.18321848009329
107.57300758430995
99.02820481204017
91.36715174717422
83.02694670802835
77.49581306168729
81.44985968183214
73.96118695179598
75.9870319212695
78.41136372801284
75.03534893706636
73.42764181402062
71.17857602846664
68.29765541622217
76.64822343779198
72.5377805782779
75.4031525530222
70.55984747811283
65.31387105110501
62.19864996725083
65.7415735911469
61.10484638483267
58.909909964445426
54.16066268488453
54.036054573935935
52.90076813080932
52.80679502296689
49.35630045592125
46.25761645720182
42.35045693335243
41.868037770889664
39.86900222989989
38.03070856202747
38.90664766069565
36.72075495330444
34.48398449960848
54.81447059297226
51.53417543684509
47.27524575519252
60.81586341982745
63.5577010326901
58.35188549176507
55.82690962341728
53.32664590025207
49.55378858363122
45.179503173909325
42.97365159622095
39.944111256695095
37.738831383050666
36.25215991025685
33.98824867282532
36.28602168291857
43.95100649789771
43.992124828246574
45.85329493829543
43.0260960282777
43.29287175994049
45.16001904768407
47.527284147348205
50.07790677913763
45.60021889924093
72.03975421427324
69.01228034895315
67.17222803034473
62.09960923011837
63.333226113772234
59.83379439446269
60.61536675419558
73.16659076169876
67.43219820586273
67.21495916560582
61.494500405956245
77.3771222032515
75.14561646160777
71.73377237970303
67.92396354932593
62.974912531915365
58.51876878908187
54.111907012460236
64.79644690084504
60.332483718804895
61.83139672145709
61.62598999293776
57.602078577956604
57.87212167594533
53.77676280299888
51.36777168425537
57.430723432726225
59.50831284576914
61.65438454924824
63.047951440085036
58.10429780178988
58.040372861835756
56.87666351194556
54.54045672986347
50.4398010073641
48.25605974808575
71.92206297893449
86.0658697939217
78.29048618142129
78.80159834226467
72.70909371458849
82.50920338591877
83.05092643017498
75.89460828345382
89.78380675766118
90.61833279518152
84.34933743168736
77.79962285157642
73.47774961217492
68.17085876029333
70.93735025028678
65.83754035994738
59.9431679275472
55.48675325010189
54.66292691451338
51.74020511007931
47.82065372368917
46.52404820578914
44.075483582554256
49.465535137197406
56.07950229692111
53.91687564572989
50.99647950023416
50.34766984047986
46.88166814548461
60.650089478013605
56.89359862699877
63.54251411160284
59.61159562159876
54.5633839454586
51.792495300243736
50.21177410580182
48.008259329155635
44.598274545058345
41.53509013088985
42.943462076793736
65.35332250614397
61.54411046523425
57.975159095990435
53.26670543524372
49.124519252343305
53.066708681260074
52.608497123765254
67.97653584663944
77.37888915163757
73.17210130910709
67.9778784628668
71.39959908655433
79.92895417571432
78.60133188785005
70.77039756628962
67.52989953821394
63.259730044547766
57.85428605433187
52.92395278894412
49.48778541346594
45.59016051302049
45.548415379080865
47.064177785540416
62.543041436770764
57.83907192818074
71.76425661970498
83.43985277080003
79.80882615938512
76.26825416495176
70.7275673815475
65.83104857758624
60.26412697029647
55.90481053175454
52.19934337627746
47.60925022186565
43.86262302697719
40.12737516645104
38.89210643188612
36.00590728250643
37.407393210513185
34.372891997154284
36.51540240362289
33.818633168449196
34.33456220133105
34.402989027717155
36.799043443278414
34.8726208954997
38.680337206755645
35.69705945590644
43.12014994919857
41.49406182768894
43.64304199369764
60.64865008732061
57.19605553706967
57.64914358011698
59.445170284773695
61.41732242579621
63.5926775863877
57.9260702266909
53.87312780655652
57.84199066415666
55.552928996636496
50.990152411605806
46.902348676875945
42.86940854275642
39.724006395531525
38.47596600820529
36.030536318388165
32.553590537884716
29.442083550891695
30.08937722263579
34.034927691628965
35.78153609577252
32.3249979141823
29.46332901361657
28.35566966721127
26.598082167547915
24.528648106447097
24.433583075957785
22.57634164678133
21.42584239928945
20.704543560042424
28.562137632614593
30.499303685811768
28.050877340133606
25.691216487527647
23.82179336239433
21.804769094162122
21.1574085986549
19.23476087911969
17.541488189953007
19.81818390904474
20.588387729253327
32.56702238365472
30.173034902801948
29.711645991447373
27.324195021695992
24.892827290601304
26.78964015775309
28.95513974929061
30.787905084954293
29.074763274793085
57.936422437708124
56.376784844365815
54.14848190923492
54.45673394637349
62.24244916770076
57.98894295977488
53.23453868378052
53.47794745094486
60.50436931977929
56.178693286827006
77.84506927580865
79.85317582866031
77.35232588464419
70.70830359258706
65.50603571104216
79.77931316734852
78.58391789863643
72.14413956912121
71.50813153687258
67.94989366010292
65.26225930958243
60.16708583608443
60.62265347436655
55.619082792949804
52.58859732353015
48.58626877163844
45.766835282032595
42.19771240338775
65.10528907518078
61.5856277751839
63.06449920783326
59.28102449006065
54.84514501990848
50.81415030808779
46.89658205424208
46.93942939205512
43.41253244196434
39.941139812920994
37.56821930821037
35.076183617020014
62.75614826134641
63.48250039997745
60.75980926748389
80.88909734154014
76.12744362250609
71.11758938432119
65.26590531647203
60.02540923459326
55.527111665730445
51.7458012432393
55.17353189588632
52.82218384089079
48.42401363638088
71.42963710035201
65.5645955513583
60.053978562025414
85.24636886647012
80.30154468686652
76.93822115570373
71.06723857966749
77.8703655827023
71.62700298344944
67.03544580829282
61.88398953462866
57.97309410396836
53.075426982836035
48.63284546158057
70.52591867696034
64.96669966305465
60.74361043198566
55.97540056800864
81.81087880323894
77.12516826610387
71.34426593963371
67.0590024250792
65.41111605664919
61.26030405800593
66.2586543137316
65.2774624960942
61.16061852924394
64.20894049015658
61.74723676465519
56.5508829533954
78.91849731023173
78.04744196638906
85.83304026017015
82.59151627699922
86.79223237133435
93.58325886466032
93.24973102707958
97.17869306565741
88.83114867504742
90.97573618228876
87.0615798054266
85.17390178180133
82.01687116376402
78.66335671509013
83.18549481734749
82.8879222955616
77.83548421241491
71.7313506388445
84.60496029599697
88.37012868984935
82.05200808039992
99.13335362518978
109.05035987682396
98.6742493610578
112.89173832329544
130.69727788898214
138.7497482591507
125.82568452574252
122.52314723870583
117.18734085664384
106.69086987071485
97.94126621212129
89.06807402370532
90.2403578168214
101.53634395858032
93.42523996610201
86.72704515197294
97.6803683087227
97.70938304310486
88.6805175292569
81.13696845672759
81.0844013497267
76.3002478057157
101.39561784665322
95.80559445568895
87.51877239356713
83.45687337043
75.95451093731796
69.50308838415769
64.22288465678214
58.645768819481646
54.01474145783175
80.15946982569595
73.83852459352451
98.25564481280631
90.4866038745637
86.86041508482928
92.16019446760461
85.03884682356073
92.5352978167404
98.91213973904469
94.91544760887489
97.90560405979669
94.2725617067449
98.57863983176576
101.01069963104624
105.16447986182949
105.08031861349471
105.00457348999342
104.93640287884224
104.8750493288062
104.81983113377376
104.77013475824455
104.72540802026829
104.68515395608962
104.64892529832883
104.61631950634414
104.5869742935579
104.56056360205028
104.53679397969341
104.51540131957225
104.49614792546318
104.47881987076504
104.46322462153672
104.44918889723122
104.43655674535628
104.42518780866882
104.41495576565012
104.40574692693328
104.39745897208812
104.38999981272747
104.3832865693029
104.37724465022077
104.37180692304686
104.36691296859036
104.36250840957948
104.35854430646971
104.35497661367093
104.351765690152
104.34887585898498
104.34627501093465
104.34393424768938
104.34182756076859
104.33993154253992
104.33822512613409
104.33668935136886
104.33530715408014
104.3340631765203
104.33294359671646
104.33193597489299
104.33102911525185
104.33021294157486
104.32947838526555
104.32881728458716
104.32822229397662
104.32768680242712
104.3272048600326
104.32677111187752
104.32638073853795
104.32602940253233
104.32571320012727
104.32542861796273
104.32517249401462
104.32494198246134
104.3247345220634
104.32454780770524
104.3243797647829
104.3242285261528
104.32409241138569
104.3239699080953
104.32385965513396
104.32376042746874
104.32367112257003
104.32359074816122
104.32351841119328
104.32345330792212
104.32339471497806
104.32334198132844
104.32329452104376
104.32325180678757
104.32321336395698
104.32317876540944
104.32314762671666
104.32311960189318
104.32309437955203
104.323071679445
104.32305124934867
104.32303286226197
104.32301631388394
104.32300142034372
104.32298801615754
104.32297595238995
104.32296509499915
104.32295532334739
104.32294652886083
104.32293861382291
104.3229314902888
104.3229250791081
104.32291930904545
104.32291411598906
104.32290944223834
104.32290523586269
104.32290145012462
104.32289804296033
104.32289497651249
104.3228922167094
104.32288973288664
104.32288749744613
104.3228854855497
104.32288367484293
104.32288204520681
104.3228805785343
104.32287925852903
104.32287807052431
104.32287700132005
104.32287603903623
104.32287517298077
104.32287439353087
104.32287369202595
104.32287306067151
104.32287249245253
104.32287198105546
104.32287152079809
104.32287110656647
104.322870733758
104.32287039823036
104.32287009625551
104.32286982447813
104.32286957987849
104.3228693597388
104.32286916161311
104.32286898329997
104.32286882281817
104.32286867838452
104.32286854839425
104.322868431403
104.32286832611086
104.32286823134795
104.32286814606132
104.32286806930338
104.32286800022122
104.32286793804728
104.32286788209073
104.32286783172984
104.32286778640503
104.3228677456127
104.32286770889961
104.32286767585781
104.32286764612022
104.32286761935639
104.32286759526892
104.3228675735902
104.32286755407935
104.32286753651958
104.3228675207158
104.3228675064924
104.32286749369135
104.3228674821704
104.32286747180153
104.32286746246955
104.32286745407077
104.32286744651189
104.32286743970889
104.32286743358618
104.32286742807575
104.32286742311634
104.32286741865289
104.3228674146358
104.32286741102037
104.32286740776651
104.32286740483802
104.3228674022024
104.32286739983034
104.32286739769548
104.3228673957741
104.32286739404486
104.32286739248855
104.32286739108787
104.32286738982725
104.32286738869271
104.32286738767162
104.32286738675262
104.32286738592555
104.32286738518117
104.32286738451123
104.32286738390827
104.32286738336562
104.32286738287723
104.32286738243768
104.32286738204209
104.32286738168605
104.32286738136563
104.32286738107723
104.32286738081768
104.3228673805841
104.32286738037386
104.32286738018463
104.32286738001434
104.3228673798611
104.32286737972316
104.32286737959902
104.32286737948728
104.32286737938674
104.32286737929624
104.32286737921478
104.32286737914147
104.3228673790755
104.32286737901613
104.32286737896268
104.32286737891458
104.32286737887128
104.32286737883234
104.32286737879728
104.32286737876572
104.32286737873733
104.32286737871178
104.32286737868877
104.32286737866806
104.32286737864945
104.32286737863268
104.32286737861757
104.32286737860399
104.32286737859178
104.32286737858077
104.32286737857086
104.32286737856194
104.32286737855392
104.3228673785467
104.32286737854022
104.32286737853435
104.3228673785291
104.32286737852436
104.3228673785201
104.32286737851628
104.32286737851283
104.32286737850971
104.32286737850691
104.32286737850438
104.32286737850211
104.32286737850008
104.32286737849824
104.32286737849661
104.32286737849512
104.32286737849378
104.32286737849259
104.32286737849151
104.32286737849053
104.32286737848963
104.32286737848884
104.32286737848813
104.3228673784875
104.32286737848693
104.3228673784864
104.32286737848592
104.32286737848551
104.32286737848513
104.3228673784848
104.32286737848449
104.32286737848422
104.32286737848398
104.32286737848375
104.32286737848355
104.32286737848338
104.3228673784832
104.32286737848307
104.32286737848293
104.3228673784828
104.32286737848271
104.32286737848261
104.32286737848253
104.32286737848244
104.32286737848237
104.32286737848231
104.32286737848227
104.32286737848221
104.32286737848217
104.32286737848213
104.32286737848209
104.32286737848204
104.322867378482
104.32286737848197
104.32286737848196
104.32286737848193
104.3228673784819
104.3228673784819
104.3228673784819
104.3228673784819
104.3228673784819
104.3228673784819
104.3228673784819
104.3228673784819
104.3228673784819
104.3228673784819
104.3228673784819
104.3228673784819
104.3228673784819
104.3228673784819
104.3228673784819
104.3228673784819
104.3228673784819
104.3228673784819
104.3228673784819
104.3228673784819
104.3228673784819
104.3228673784819
104.3228673784819
104.3228673784819
104.3228673784819
104.3228673784819
104.3228673784819
104.3228673784819
104.3228673784819
104.3228673784819
104.3228673784819
104.3228673784819
104.3228673784819
104.3228673784819
104.3228673784819
104.3228673784819
104.3228673784819
104.3228673784819
104.3228673784819
104.3228673784819
104.3228673784819
104.3228673784819
104.3228673784819
104.3228673784819
104.3228673784819
104.3228673784819
104.3228673784819
104.3228673784819
104.3228673784819
104.3228673784819
104.3228673784819
104.3228673784819
104.3228673784819
104.3228673784819
104.3228673784819
104.3228673784819
104.3228673784819
104.3228673784819
104.3228673784819
104.3228673784819
104.3228673784819
104.3228673784819
104.3228673784819
104.3228673784819
104.3228673784819
104.3228673784819
104.3228673784819
104.3228673784819
104.3228673784819
104.3228673784819
104.3228673784819
104.3228673784819
104.3228673784819
104.3228673784819
104.3228673784819
104.3228673784819
104.3228673784819
104.3228673784819
104.3228673784819
104.3228673784819
104.3228673784819
104.3228673784819
104.3228673784819
104.3228673784819
104.3228673784819
104.3228673784819
104.3228673784819
104.3228673784819
104.3228673784819
104.3228673784819
104.3228673784819
104.3228673784819
104.3228673784819
104.3228673784819
104.3228673784819
104.3228673784819
104.3228673784819
104.3228673784819
104.3228673784819
104.3228673784819
104.3228673784819
104.3228673784819
104.3228673784819
104.3228673784819
104.3228673784819
104.3228673784819
104.3228673784819
104.3228673784819
104.3228673784819
104.3228673784819
104.3228673784819
104.3228673784819
104.3228673784819
104.3228673784819
104.3228673784819
104.3228673784819
104.3228673784819
104.3228673784819
104.3228673784819
104.3228673784819
104.3228673784819
104.3228673784819
104.3228673784819
104.3228673784819
104.3228673784819
104.3228673784819
104.3228673784819
104.3228673784819
104.3228673784819
104.3228673784819
104.3228673784819
104.3228673784819
104.3228673784819
104.3228673784819
104.3228673784819
104.3228673784819
104.3228673784819
104.3228673784819
104.3228673784819
104.3228673784819
104.3228673784819
104.3228673784819
104.3228673784819
104.3228673784819
104.3228673784819
104.3228673784819
104.3228673784819
104.3228673784819
104.3228673784819
104.3228673784819
104.3228673784819
104.3228673784819
104.3228673784819
104.3228673784819
104.3228673784819
104.3228673784819
104.3228673784819
104.3228673784819
104.3228673784819
104.3228673784819
104.3228673784819
104.3228673784819
104.3228673784819
104.3228673784819
104.3228673784819
104.3228673784819
104.3228673784819
104.3228673784819
104.3228673784819
104.3228673784819
104.3228673784819
104.3228673784819
104.3228673784819
104.3228673784819
104.3228673784819
104.3228673784819
104.3228673784819
104.3228673784819
104.3228673784819
104.3228673784819
104.3228673784819
104.3228673784819
104.3228673784819
104.3228673784819
104.3228673784819
104.3228673784819
104.3228673784819
104.3228673784819
104.3228673784819
104.3228673784819
104.3228673784819
104.3228673784819
104.3228673784819
104.3228673784819
104.3228673784819
104.3228673784819
104.3228673784819
