0.19
0.18
32.045
22.53333333333333
0.14
0.3866666666666667
0.16
0.17
0.13
50.79
0.14500000000000002
17.6125
0.19333333333333336
0.115
45.620000000000005
0.13
0.16
0.16
0.19000000000000003
0.19333333333333333
0.125
17.2175
0.13333333333333333
15.2175
1.0175
0.13
23.500000000000004
25.259999999999998
0.195
0.38
0.17
33.79
0.15500000000000003
31.472499999999997
0.15333333333333335
0.19333333333333333
0.1366666666666667
0.14333333333333334
0.195
0.16
0.15000000000000002
0.16
0.16
0.13
51.915
0.165
0.11499999999999999
0.31
36.405
34.279999999999994
0.20750000000000002
0.685
0.15
12.735
16.12
18.185000000000002
16.5425
0.16249999999999998
0.14
0.13
0.13333333333333333
0.16999999999999998
0.19
54.184999999999995
22.99333333333334
28.52
35.07333333333333
0.15333333333333332
0.17666666666666667
0.125
0.17
0.16
0.18
26.764999999999997
0.16
21.405
10.48
5.1850000000000005
0.18
6.876666666666666
15.432500000000003
0.17333333333333334
14.665
5.7875
0.2475
13.6875
5.442499999999999
2.7700000000000005
0.13333333333333333
0.14500000000000002
35.79
30.80666666666667
13.225
0.15
0.14
26.733333333333338
0.13
13.305
3.56
3.51
49.815
0.14
0.16
35.53
23.587500000000002
0.30000000000000004
0.14
0.15
49.269999999999996
10.540000000000001
13.1975
0.8466666666666667
0.12333333333333334
0.12333333333333334
3.1999999999999997
7.156666666666667
5.885000000000001
18.025
0.16
0.13
32.43
21.7075
13.215
0.14500000000000002
0.27
40.475
0.2
0.14
26.84
22.45333333333333
25.539999999999996
0.1325
0.1575
0.42499999999999993
0.12
1.18
41.29
0.16
14.63
30.119999999999997
0.18
0.14
0.16333333333333333
0.13
51.86
18.883333333333333
14.680000000000001
0.14333333333333334
10.575000000000001
0.23000000000000004
0.16249999999999998
0.1425
7.755
11.86
0.195
0.14250000000000002
0.15000000000000002
26.392500000000002
0.14333333333333334
10.475
1.03
8.585
0.14
41.535000000000004
21.71666666666667
10.945
0.14
0.16
0.19
16.505
0.12
0.16
5.08
0.15
0.13
0.29000000000000004
0.23
4.455
3.5866666666666673
20.31
5.317500000000001
7.32
6.859999999999999
10.956666666666669
27.650000000000002
0.15666666666666668
7.9975
21.77
0.15333333333333335
0.19000000000000003
0.14666666666666667
33.66
0.1366666666666667
24.1875
0.15250000000000002
0.16333333333333336
0.155
0.2
16.0275
11.4875
10.84
0.16333333333333333
0.25
0.16
0.15
0.15
0.285
0.13
0.16
41.21
37.70333333333333
3.796666666666667
25.790000000000003
5.3375
0.15
0.13
0.12
0.15
22.813333333333333
17.673333333333332
0.155
0.22
5.19
5.25
0.12
0.15
5.295
0.16
0.14
0.11
0.12
0.13
0.1
0.11
42.14
36.235
0.36
0.1
0.14
0.12
0.15
0.17
0.17
41.52
0.8833333333333333
0.13
0.17
0.28
0.14
0.16
0.15
5.225
0.16
0.18
0.20333333333333334
0.12
52.525
0.15
0.16
35.0
0.14
40.665000000000006
53.1
8.185
0.16
0.31
7.063333333333333
11.175
10.44
0.13333333333333333
0.1466666666666667
0.15000000000000002
0.14
40.81666666666667
13.633333333333333
13.0325
9.105
0.17333333333333334
0.14333333333333334
30.040000000000003
0.14333333333333334
0.15333333333333335
0.12
0.12
0.13
15.355
10.049999999999999
0.13
0.12
38.83
0.13
0.15
0.195
0.14
36.10333333333333
0.71
0.13
50.910000000000004
0.135
10.64
0.16
0.16
10.709999999999999
0.285
0.13
0.17
0.55
0.345
0.16
22.106666666666666
36.400000000000006
0.19
0.15333333333333335
10.364999999999998
0.17500000000000002
0.19000000000000003
0.15
0.14
0.11
25.625
0.15500000000000003
0.2
0.15
0.17
32.55
18.66
15.9875
0.1366666666666667
0.19
20.86
0.21000000000000005
0.37
52.24
0.165
0.24
37.98
0.195
37.87
10.535
0.19
0.13
43.324999999999996
25.846666666666668
3.6166666666666667
0.21000000000000002
0.13
51.955000000000005
26.939999999999998
3.4466666666666668
0.175
3.47
18.8075
15.975000000000001
0.15250000000000002
0.1325
0.12
5.3475
5.1274999999999995
0.15666666666666665
0.135
0.14
20.863333333333333
14.3275
8.03
0.13
0.13333333333333333
0.125
0.26
0.22
31.005
0.13
0.15
37.864999999999995
17.23
0.12
0.09
0.16
0.14
0.13
0.17
54.195
0.135
0.14
0.14
39.733333333333334
15.329999999999998
0.14250000000000002
0.15250000000000002
19.34
0.16
0.15
0.18
0.17
50.455
0.115
0.14
32.739999999999995
22.136666666666667
0.14
0.16
0.23
0.14
37.81
0.15000000000000002
35.056666666666665
0.15666666666666668
14.1175
0.11333333333333333
0.13
0.16499999999999998
0.11
26.490000000000002
28.723333333333333
0.13333333333333333
0.12
0.5900000000000001
33.82
0.175
0.15500000000000003
0.1
0.15
0.12
50.445
0.135
0.8766666666666666
15.5825
0.22500000000000003
19.8375
0.1275
0.10333333333333333
0.125
0.15
0.12
24.433333333333337
0.16333333333333333
0.1366666666666667
0.12
0.115
0.11
0.11
46.095
0.17
0.15
0.19
30.853333333333335
31.61
0.16666666666666666
0.17750000000000002
0.1375
0.14
0.16
0.12
43.56
15.639999999999999
11.18
7.83
33.519999999999996
17.21666666666667
0.15500000000000003
0.15
0.12
0.12
0.15500000000000003
0.12
48.28
0.14
0.13
0.13
0.15
35.875
24.175
0.16333333333333333
0.14333333333333334
32.43333333333334
0.14500000000000002
0.17
1.675
45.940000000000005
16.295
0.17
0.18
0.14
38.504999999999995
0.145
0.20500000000000002
0.1
0.11
0.14
0.16
25.73
0.18
29.895
16.43
0.27
0.14
15.67
16.1
28.41
1.47
0.2
0.19
0.17
0.13
34.57
0.15
0.11
24.02333333333333
15.7725
16.4575
2.9425
0.15250000000000002
0.17500000000000002
0.14750000000000002
4.05
0.12333333333333334
0.15000000000000002
0.11
10.28
25.12
7.82
7.123333333333334
0.14
0.14
0.16
6.96
7.575000000000001
7.079999999999999
0.13
6.903333333333333
0.13
0.14
2.0
0.23
15.235
30.977500000000003
0.2725
0.19000000000000003
0.12666666666666668
0.14500000000000002
17.11
0.26666666666666666
0.1466666666666667
0.17333333333333334
0.16
0.20666666666666667
0.19333333333333336
0.13
0.1466666666666667
0.14
0.13
0.16666666666666666
0.14333333333333334
0.1366666666666667
0.13
0.11666666666666668
0.1366666666666667
0.13333333333333333
0.13999999999999999
0.14
0.12666666666666668
0.13333333333333333
0.12666666666666668
0.13
0.1466666666666667
0.12666666666666668
0.14333333333333334
0.14
0.14
0.12
0.14333333333333334
0.15666666666666665
0.13333333333333333
0.1366666666666667
0.1466666666666667
0.1366666666666667
0.14
0.15
0.12666666666666668
0.14333333333333334
0.13333333333333333
0.13333333333333333
0.1366666666666667
0.12333333333333334
0.31
0.14333333333333334
0.1366666666666667
0.14333333333333334
0.13333333333333333
0.25666666666666665
0.14666666666666667
0.13
0.13333333333333333
0.12
0.1366666666666667
0.13333333333333333
0.13333333333333333
0.9666666666666668
0.12666666666666668
0.14
0.12666666666666668
0.9199999999999999
0.18000000000000002
1.6266666666666667
0.14333333333333334
0.12333333333333334
0.11666666666666665
0.12666666666666668
0.13666666666666666
0.12
0.1366666666666667
0.12666666666666668
0.12666666666666668
0.12666666666666668
0.12666666666666668
0.13999999999999999
0.11666666666666668
0.15
0.13
0.14
0.12666666666666668
0.11
0.13333333333333333
0.13
0.12666666666666668
0.14333333333333334
0.12666666666666668
0.13333333333333333
0.12666666666666668
0.12666666666666668
0.11333333333333333
0.11666666666666665
0.13333333333333333
0.13666666666666666
0.12
0.11333333333333334
0.12666666666666668
0.12666666666666668
0.12333333333333334
0.12
0.11666666666666665
0.2733333333333333
0.12666666666666668
0.13
0.1366666666666667
0.13
0.13
0.12666666666666668
0.12666666666666668
0.13
0.12
0.13
0.12666666666666668
0.10333333333333335
0.13333333333333333
0.13
0.22333333333333336
0.15
0.3466666666666667
0.12333333333333334
0.13
0.10666666666666667
0.13333333333333333
0.12
0.8466666666666667
0.13
1.46
0.12333333333333334
0.12333333333333334
0.11666666666666665
0.11333333333333333
0.12
0.13
0.11
0.13
0.11333333333333334
0.13333333333333333
0.12333333333333334
0.12666666666666668
0.12333333333333334
0.13666666666666666
0.11666666666666665
0.13333333333333333
0.12
0.12333333333333334
0.12333333333333334
0.12333333333333334
0.12333333333333334
0.14333333333333334
0.13
0.12
0.12666666666666668
0.12
0.13
0.11333333333333333
0.12666666666666668
0.12333333333333334
0.11333333333333333
0.12
0.12333333333333334
0.12666666666666668
0.12
0.12333333333333334
0.14666666666666667
0.11666666666666665
0.11666666666666668
0.13
0.15333333333333332
0.12333333333333334
0.12
0.11666666666666665
0.12333333333333334
0.14
0.11666666666666665
0.13
0.11666666666666668
0.12666666666666668
0.15000000000000002
0.12666666666666668
0.12
0.1366666666666667
0.11666666666666665
0.11
0.11666666666666665
0.13
0.12666666666666668
0.12666666666666668
0.15666666666666665
0.13333333333333333
0.12666666666666668
0.12
0.15333333333333335
0.1366666666666667
0.12333333333333334
0.13
0.1366666666666667
0.11666666666666668
0.11
0.12
0.26999999999999996
0.12333333333333334
0.12666666666666668
0.14
0.12666666666666668
0.21
0.13333333333333333
0.12
0.3
0.12
0.15
0.13
0.13333333333333333
0.13
0.6733333333333333
0.11
0.27
0.12333333333333334
0.1366666666666667
0.12
0.12666666666666668
0.13333333333333333
0.11666666666666668
0.11333333333333334
0.1366666666666667
0.12666666666666668
0.12333333333333334
0.11666666666666665
0.12333333333333334
0.12666666666666668
0.5633333333333334
0.11666666666666665
0.25666666666666665
0.12
0.11666666666666665
0.11666666666666665
0.17333333333333334
0.14
0.12333333333333334
0.10999999999999999
0.35333333333333333
0.10333333333333333
0.71
0.13333333333333333
0.11666666666666665
0.1366666666666667
0.13333333333333333
0.11666666666666665
0.13
0.11333333333333334
0.13333333333333333
0.12
0.11333333333333334
0.12666666666666668
0.12333333333333334
0.12333333333333334
0.5633333333333334
0.11666666666666665
0.11666666666666665
0.12666666666666668
0.12333333333333334
0.12
0.12333333333333334
0.12666666666666668
0.13666666666666666
0.11666666666666665
0.12333333333333334
0.13
0.11333333333333334
0.14333333333333334
0.11
0.12
0.14333333333333334
0.12666666666666668
0.12
0.12666666666666668
0.12
0.14
0.13333333333333333
0.12333333333333334
0.11
0.14
0.12666666666666668
0.14333333333333334
0.13
0.13333333333333333
0.12666666666666668
0.14
0.12
0.12666666666666668
0.23666666666666666
0.11666666666666665
0.14
0.13333333333333333
0.12
0.12333333333333334
0.13333333333333333
0.11333333333333334
0.11666666666666665
0.12666666666666668
0.13
0.12333333333333334
0.12666666666666668
0.14
0.14
0.12
0.12666666666666668
0.13
0.12
0.12666666666666668
0.11333333333333334
0.13
0.11666666666666665
0.13
0.13
0.12333333333333334
0.12666666666666668
0.20333333333333334
0.13
0.12
0.11333333333333333
0.12
0.11666666666666668
0.11666666666666665
0.11666666666666665
0.12666666666666668
0.12333333333333334
0.1366666666666667
0.12
0.13333333333333333
0.12666666666666668
0.12666666666666668
0.13333333333333333
0.13333333333333333
0.12333333333333334
0.12333333333333334
0.12333333333333334
0.14333333333333334
0.12333333333333334
0.11
0.12
0.13333333333333333
0.12666666666666668
0.12
0.12333333333333334
0.11333333333333333
0.12333333333333334
0.1366666666666667
0.12333333333333334
0.12666666666666668
0.12333333333333334
0.11333333333333334
0.12666666666666668
0.12333333333333334
0.12
0.12666666666666668
0.12333333333333334
0.11333333333333334
8.093333333333332
0.1366666666666667
0.36999999999999994
0.16666666666666666
0.11666666666666665
0.12333333333333334
0.15
0.13
0.12
0.11666666666666665
0.12666666666666668
0.11
0.12333333333333334
0.33
0.12
0.12333333333333334
0.13
0.19999999999999998
0.12
0.11666666666666665
0.13
0.13333333333333333
0.14
0.38000000000000006
0.13
0.12333333333333334
0.13333333333333333
0.11666666666666665
0.12
0.36000000000000004
0.1366666666666667
0.12666666666666668
0.13
0.11666666666666665
0.13333333333333333
0.3633333333333333
0.12666666666666668
0.11
0.13333333333333333
0.13
0.11666666666666665
0.1366666666666667
0.13333333333333333
0.12
0.12
0.12333333333333334
0.13
0.13
0.12666666666666668
0.13
0.12333333333333334
0.13
0.13333333333333333
0.1366666666666667
0.12
0.1366666666666667
0.11666666666666665
0.13
0.12
0.1466666666666667
0.15333333333333335
0.13333333333333333
0.12333333333333334
0.12
0.14333333333333334
0.14
0.12
0.14
0.13333333333333333
0.14333333333333334
0.14333333333333334
0.12666666666666668
0.18000000000000002
0.1366666666666667
0.12333333333333334
0.12
0.1466666666666667
0.12666666666666668
0.12333333333333334
0.12333333333333334
0.1366666666666667
0.11666666666666665
0.12
1.07
0.12
0.12
0.12666666666666668
0.7566666666666667
0.12666666666666668
0.13
0.11
0.12333333333333334
0.12
0.16333333333333333
0.22999999999999998
0.12666666666666668
0.1366666666666667
0.3333333333333333
0.12666666666666668
0.12
0.1366666666666667
0.12333333333333334
0.12333333333333334
0.13333333333333333
0.12666666666666668
0.12
0.13333333333333333
0.40666666666666657
0.11333333333333334
0.12666666666666668
0.14
0.3866666666666667
0.12333333333333334
0.12
0.11666666666666665
0.26333333333333336
0.13
0.13
0.14
0.08333333333333333
0.12333333333333334
0.13
0.13333333333333333
0.12666666666666668
0.12333333333333334
0.12
0.12666666666666668
0.12
0.12333333333333334
0.12333333333333334
0.1366666666666667
0.14
0.11666666666666665
0.13333333333333333
0.13
0.13
0.13333333333333333
0.11333333333333334
0.12
0.12666666666666668
0.12
0.12
0.11666666666666665
0.45
0.13
0.13
0.11666666666666665
0.12
0.15000000000000002
0.11333333333333334
0.12333333333333334
0.14
0.13
0.30666666666666664
0.12666666666666668
0.11333333333333333
0.12333333333333334
0.12
0.12666666666666668
0.12666666666666668
0.12666666666666668
0.13
0.13
0.13
0.14
0.11333333333333333
0.12
0.11666666666666665
0.12666666666666668
0.12666666666666668
0.14
0.12
0.12333333333333334
0.12666666666666668
0.13
0.12
0.11666666666666668
0.12333333333333334
0.13333333333333333
0.13333333333333333
0.3666666666666667
0.12
0.22
0.12
