0.0 0.0 0.0 0.0 0.0 
0.0 0.0 0.0 0.0 0.0 
0.0 0.0 0.0 0.0 0.0 
0.0 0.0 0.0 0.0 0.0 
0.0 0.0 -0.09000000000000001 0.0 0.0 
0.0 0.0 0.0 -0.145 -0.163 
-0.1197 0.0 -0.126 -0.15400000000000003 -0.17200000000000004 
0.0 0.0 0.0 -0.163 0.0 
-0.08100000000000002 0.0 0.0 -0.17200000000000004 -0.19 
0.0 0.0 -0.18000000000000002 0.0 0.0 
0.0 0.0 0.0 0.0 0.0 
0.0 0.0 0.0 0.0 0.0 
0.0 0.0 0.0 0.0 0.0 
0.0 0.0 0.0 0.0 0.0 
0.0 0.0 0.0 0.0 0.0 
0.0 0.0 0.0 0.0 0.0 
0.0 0.0 0.0 0.0 0.0 
0.0 0.0 0.0 0.0 0.0 
0.0 0.0 0.0 0.0 0.0 
0.0 0.0 0.0 0.0 0.0 
0.0 0.0 0.0 0.0 0.0 
0.0 0.0 0.0 0.0 -0.127 
0.0 0.0 0.0 0.0 0.0 
0.0 0.0 0.0 0.0 0.0 
-0.045000000000000005 0.0 0.0 0.0 0.0 
0.0 0.0 0.0 -0.145 -0.163 
0.0 0.0 0.0 0.0 -0.17200000000000004 
0.0 0.0 -0.14400000000000002 0.0 0.0 
0.0 0.0 0.0 0.0 0.0 
0.0 0.0 0.0 0.0 0.0 
0.0 0.0 0.0 0.0 0.0 
0.0 0.0 0.0 0.0 0.0 
0.0 0.0 0.0 0.0 0.0 
0.0 0.0 0.0 0.0 0.0 
0.0 0.0 -0.09000000000000001 0.0 0.0 
0.0 0.0 0.0 0.0 0.0 
0.0 0.0 0.0 -0.15400000000000003 0.0 
-0.07200000000000001 0.0 0.0 0.0 0.0 
0.0 0.0 -0.16200000000000003 0.0 0.0 
-0.35463591 0.0 -0.5193900000000001 -0.4905100000000001 0.0 
0.0 0.0 0.0 0.0 0.0 
0.0 0.0 0.0 0.0 0.0 
0.0 0.0 0.0 0.0 0.0 
0.0 0.0 0.0 -0.127 0.0 
0.0 0.0 0.0 0.0 0.0 
0.0 0.0 -0.10800000000000001 0.0 0.0 
0.0 0.0 -0.126 -0.15400000000000003 -0.17200000000000004 
-0.21384720000000002 0.0 -0.14400000000000002 -0.163 -0.18100000000000002 
0.0 0.0 0.0 -0.17200000000000004 0.0 
-0.267309 0.0 -0.18000000000000002 -0.18100000000000002 0.0 
0.0 0.0 -0.018000000000000002 0.0 0.0 
-0.018000000000000002 0.0 -0.036000000000000004 -0.10900000000000001 -0.127 
0.0 0.0 -0.054000000000000006 0.0 0.0 
0.0 0.0 0.0 0.0 0.0 
0.0 0.0 -0.09000000000000001 0.0 0.0 
0.0 0.0 0.0 -0.145 -0.163 
-0.18711629999999999 0.0 -0.14301 -0.15400000000000003 -0.18431200000000003 
-0.13680000000000003 0.0 -0.14400000000000002 -0.163 -0.18100000000000002 
-0.24057810000000004 0.0 -0.3078000000000001 -0.3268000000000001 -0.19 
0.0 0.0 0.0 0.0 0.0 
0.0 0.0 0.0 0.0 0.0 
0.0 0.0 0.0 0.0 0.0 
0.0 0.0 -0.054000000000000006 -0.118 0.0 
0.0 0.0 0.0 0.0 0.0 
0.0 0.0 0.0 -0.136 0.0 
0.0 0.0 0.0 0.0 0.0 
0.0 0.0 0.0 -0.15400000000000003 -0.17200000000000004 
0.0 0.0 0.0 0.0 0.0 
0.0 0.0 0.0 -0.17200000000000004 0.0 
0.0 0.0 -0.18000000000000002 0.0 0.0 
0.0 0.0 0.0 0.0 0.0 
0.0 0.0 0.0 0.0 0.0 
-0.027000000000000003 0.0 -0.054000000000000006 -0.118 -0.136 
-0.036000000000000004 0.0 -0.07200000000000001 -0.12943000000000002 -0.145 
0.0 0.0 0.0 -0.136 -0.15400000000000003 
-0.1603854 0.0 -0.21492 -0.145 -0.163 
0.0 0.0 0.0 0.0 0.0 
-0.07200000000000001 0.0 -0.14400000000000002 -0.163 -0.18100000000000002 
-0.24057810000000004 0.0 -0.16200000000000003 -0.17200000000000004 -0.361 
-0.526678655391 0.0 -0.6570171000000001 -0.511651 0.0 
-0.909 0.0 0.0 0.0 0.0 
0.0 0.0 0.0 0.0 -1.027 
0.0 0.0 -0.954 0.0 0.0 
-0.036000000000000004 0.0 -0.9752400000000002 -1.027 -1.0855 
-0.945 0.0 -0.17910000000000004 -1.036 -0.15400000000000003 
-0.054000000000000006 0.0 -0.11723400000000002 0.0 -0.163 
0.0 0.0 -0.126 -0.15400000000000003 -0.17848000000000003 
-0.21384720000000002 0.0 -0.2881281600000001 -0.3097 -0.38295100000000004 
-0.4740107898519001 0.0 -0.5800128143490002 -0.49074400000000007 -1.4149 
0.0 0.0 0.0 0.0 0.0 
-4.455004464090001 0.0 -4.636156038119316 0.0 -4.70160520935499 
-2.7265518 0.0 -2.3726240308980002 -3.1176860500000005 -3.2661273753704174 
-3.66113237427 0.0 -3.3049577699999997 -2.941451779754171 -3.92077462483 
-1.897213464 0.0 -2.5808544000000007 -2.534139064 -3.01417408 
-1.9850811844499998 0.0 -1.9023120000000002 -2.584740097 -2.3856553741680306 
-1.3490968635883391 0.0 -2.1615048000000003 -1.4037976000000003 -1.330098634 
-0.9630000000000001 0.0 -0.6755341320000001 -1.220336078508031 -0.6454280476648001 
-0.5562382001189754 0.0 -0.5263200000000001 -0.6486470200000001 -0.6224590000000001 
0.0 0.0 0.0 0.0 0.0 
0.0 0.0 0.0 0.0 0.0 
0.0 0.0 0.0 0.0 0.0 
0.0 0.0 0.0 0.0 0.0 
0.0 0.0 0.0 0.0 0.0 
0.0 0.0 0.0 0.0 0.0 
-0.09000000000000001 0.0 -0.135 -0.17200000000000004 -0.20800000000000002 
-0.10800000000000001 0.0 -0.16200000000000003 0.0 0.0 
0.0 -0.063 0.0 0.0 0.0 
0.0 0.0 0.0 0.0 0.0 
0.0 0.0 -0.24300000000000002 0.0 0.0 
-0.18000000000000002 0.0 -0.27 0.0 0.0 
0.0 0.0 0.0 0.0 0.0 
0.0 0.0 0.0 0.0 0.0 
0.0 0.0 0.0 0.0 0.0 
0.0 0.0 0.0 0.0 0.0 
0.0 0.0 0.0 0.0 0.0 
0.0 0.0 0.0 0.0 0.0 
0.0 0.0 0.0 -0.20800000000000002 0.0 
0.0 0.0 0.0 -0.22599999999999998 0.0 
0.0 0.0 0.0 0.0 0.0 
0.0 0.0 0.0 -0.262 0.0 
0.0 0.0 0.0 0.0 0.0 
0.0 -0.018000000000000002 0.0 0.0 0.0 
0.0 0.0 0.0 0.0 0.0 
0.0 0.0 0.0 0.0 0.0 
0.0 0.0 0.0 0.0 0.0 
0.0 0.0 0.0 0.0 0.0 
0.0 0.0 0.0 0.0 0.0 
0.0 -0.07200000000000001 0.0 -0.22599999999999998 -0.262 
-0.16200000000000003 -0.15390000000000004 -0.24300000000000002 -0.24400000000000005 -0.27999999999999997 
0.0 0.0 -0.27 0.0 0.0 
0.0 0.0 0.0 0.0 0.0 
-0.036000000000000004 0.0 0.0 0.0 0.0 
0.0 0.0 0.0 -0.136 0.0 
0.0 0.0 0.0 0.0 0.0 
-0.09000000000000001 0.0 0.0 0.0 0.0 
0.0 0.0 0.0 0.0 0.0 
-0.126 -0.063 -0.18900000000000003 -0.20800000000000002 -0.24400000000000005 
0.0 -0.07200000000000001 -0.43632000000000004 0.0 0.0 
-0.16200000000000003 0.0 -0.25758000000000003 -0.24400000000000005 -0.28809999999999997 
-0.3582000000000001 -0.29007000000000005 -0.513 -0.4978 0.0 
0.0 0.0 0.0 0.0 0.0 
0.0 0.0 0.0 -0.118 0.0 
0.0 0.0 0.0 0.0 0.0 
-0.07200000000000001 -0.036000000000000004 -0.10800000000000001 0.0 -0.19 
0.0 0.0 -0.135 0.0 0.0 
-0.10800000000000001 -0.054000000000000006 0.0 -0.19 -0.22599999999999998 
-0.126 -0.1197 -0.18900000000000003 -0.20800000000000002 -0.25631200000000004 
-0.14400000000000002 -0.20808000000000004 -0.21600000000000003 -0.22599999999999998 -0.262 
-0.16200000000000003 -0.08100000000000002 -0.24300000000000002 -0.24400000000000005 -0.27999999999999997 
0.0 -0.09810000000000002 0.0 0.0 0.0 
-0.018000000000000002 -0.009000000000000001 -0.027000000000000003 0.0 0.0 
0.0 0.0 -0.054000000000000006 -0.118 0.0 
0.0 0.0 0.0 0.0 0.0 
0.0 0.0 0.0 0.0 0.0 
-0.09000000000000001 0.0 -0.1431 -0.17200000000000004 -0.20800000000000002 
-0.10800000000000001 -0.10260000000000001 -0.17658000000000001 -0.19 -0.22599999999999998 
-0.25073999999999996 -0.216657 -0.3591000000000001 -0.20800000000000002 -0.24400000000000005 
-0.14400000000000002 -0.07200000000000001 -0.22896000000000002 -0.22599999999999998 -0.262 
-0.16200000000000003 -0.18493200000000004 -0.24300000000000002 -0.24400000000000005 -0.29539 
-0.18000000000000002 -0.17100000000000004 -0.2862 -0.262 0.0 
0.0 0.0 0.0 0.0 0.0 
0.0 0.0 0.0 -0.118 0.0 
-0.054000000000000006 -0.051300000000000005 -0.08100000000000002 -0.136 -0.17200000000000004 
0.0 0.0 -0.10800000000000001 -0.15643 -0.19 
0.0 -0.045000000000000005 0.0 -0.17200000000000004 -0.20800000000000002 
0.0 0.0 0.0 -0.19 0.0 
0.0 0.0 0.0 -0.20800000000000002 0.0 
0.0 0.0 -0.21600000000000003 0.0 -0.262 
-0.16200000000000003 0.0 0.0 0.0 -0.532 
0.0 0.0 -0.27 -0.262 0.0 
0.0 -0.009000000000000001 -0.028620000000000003 0.0 -0.136 
-0.036000000000000004 0.0 0.0 0.0 0.0 
0.0 0.0 0.0 0.0 0.0 
-0.07200000000000001 -0.036000000000000004 -0.10800000000000001 -0.15400000000000003 -0.19405 
-0.09000000000000001 -0.08550000000000002 -0.135 -0.17200000000000004 -0.20800000000000002 
-0.21492 -0.15601140000000002 -0.16200000000000003 -0.19405 -0.22599999999999998 
-0.126 0.0 0.0 0.0 0.0 
-0.14400000000000002 0.0 0.0 -0.22599999999999998 -0.2699461 
-0.16200000000000003 -0.08829000000000001 -0.24300000000000002 -0.4636000000000001 -0.27999999999999997 
-0.3582000000000001 -0.18729 -0.27 -0.262 0.0 
0.0 -0.909 0.0 0.0 0.0 
-0.036000000000000004 -0.018000000000000002 -0.954 -0.118 -0.15400000000000003 
-0.054000000000000006 -0.027000000000000003 -0.08100000000000002 -0.136 -0.17524000000000003 
-0.9720000000000001 -0.036000000000000004 -0.10800000000000001 -1.054 -0.19 
-0.09000000000000001 -0.09360000000000002 -0.135 -0.3300400000000001 -0.21723400000000004 
-0.10800000000000001 -0.14634000000000003 -0.16200000000000003 -0.19 -0.22599999999999998 
0.0 -0.063 -0.18900000000000003 0.0 0.0 
-1.044 -0.23652784800000004 -0.21600000000000003 -0.22599999999999998 -0.262 
-0.16200000000000003 -0.20211233481000004 -0.24300000000000002 -0.24400000000000005 -0.27999999999999997 
-0.18000000000000002 -0.09000000000000001 0.0 -0.27123868261 0.0 
-0.9792179101800003 -1.108567791 -1.772421040441015 0.0 -1.3010929858 
-0.9359999999999999 -0.918 -0.3884382450306001 -0.4980551663800001 -1.206451 
-1.0603854 -0.43177410000000005 -0.2785590000000001 -0.2584 -0.47901520000000014 
-1.2528716407200002 -0.4647816348300001 -0.3969270000000001 -1.054 -0.531019 
-0.17910000000000004 -0.2004086817 -0.2565 -0.34604624800000006 -0.20800000000000002 
-0.21492 -0.21951144000000003 -0.3078000000000001 -0.19 -0.43700914 
-0.25073999999999996 -0.19291081320000003 -0.18900000000000003 -0.20800000000000002 -0.6858640000000001 
-0.28656000000000004 -0.9720000000000001 -0.41040000000000004 -0.22599999999999998 -0.262 
-0.16200000000000003 0.0 0.0 0.0 0.0 
-1.08 0.0 0.0 -0.262 0.0 
0.0 0.0 0.0 0.0 0.0 
0.0 0.0 0.0 0.0 0.0 
0.0 0.0 0.0 0.0 0.0 
0.0 0.0 0.0 0.0 0.0 
0.0 0.0 0.0 0.0 0.0 
0.0 0.0 -0.21600000000000003 0.0 0.0 
0.0 0.0 0.0 0.0 0.0 
0.0 0.0 0.0 0.0 0.0 
0.0 0.0 -0.32400000000000007 0.0 0.0 
0.0 0.0 0.0 0.0 0.0 
0.0 0.0 0.0 0.0 0.0 
0.0 0.0 0.0 0.0 0.0 
0.0 0.0 0.0 0.0 0.0 
0.0 0.0 0.0 0.0 0.0 
0.0 0.0 0.0 0.0 0.0 
0.0 0.0 0.0 0.0 0.0 
0.0 0.0 0.0 0.0 0.0 
0.0 0.0 -0.28800000000000003 0.0 0.0 
0.0 0.0 0.0 0.0 -0.37000000000000005 
0.0 0.0 0.0 -0.343 0.0 
0.0 0.0 0.0 0.0 0.0 
0.0 0.0 0.0 0.0 0.0 
0.0 0.0 0.0 0.0 0.0 
0.0 0.0 0.0 0.0 0.0 
0.0 0.0 0.0 0.0 0.0 
0.0 0.0 0.0 0.0 0.0 
-0.18900000000000003 -0.126 -0.252 -0.262 -0.31600000000000006 
-0.21600000000000003 -0.27360000000000007 -0.28800000000000003 -0.28900000000000003 -0.36487 
-0.48357000000000006 -0.4463100000000001 -0.32400000000000007 -0.6004 -0.37000000000000005 
0.0 -0.18000000000000002 -0.36000000000000004 -0.343 0.0 
0.0 0.0 0.0 0.0 0.0 
0.0 -0.036000000000000004 0.0 0.0 -0.18100000000000002 
-0.08100000000000002 -0.054000000000000006 -0.10800000000000001 -0.15400000000000003 0.0 
0.0 0.0 0.0 0.0 0.0 
-0.135 -0.09000000000000001 0.0 -0.20800000000000002 0.0 
-0.3078000000000001 -0.20520000000000002 -0.23058 -0.23500000000000001 -0.28900000000000003 
0.0 -0.126 0.0 -0.262 0.0 
-0.42984 -0.3902400000000001 -0.28800000000000003 -0.28900000000000003 -0.343 
-0.24300000000000002 -0.16200000000000003 -0.32400000000000007 -0.31600000000000006 -0.37000000000000005 
-0.27 -0.18000000000000002 -0.36000000000000004 0.0 0.0 
0.0 0.0 0.0 0.0 0.0 
0.0 0.0 0.0 0.0 0.0 
0.0 0.0 0.0 0.0 0.0 
-0.20520000000000002 -0.07200000000000001 0.0 -0.18100000000000002 -0.23500000000000001 
-0.135 0.0 0.0 0.0 -0.4978 
-0.16200000000000003 0.0 -0.21600000000000003 -0.4465 -0.28900000000000003 
-0.18900000000000003 -0.25017300000000003 -0.252 -0.262 -0.31600000000000006 
-0.21600000000000003 -0.15631200000000003 -0.28800000000000003 -0.5491000000000001 0.0 
-0.24300000000000002 -0.16200000000000003 0.0 0.0 0.0 
0.0 0.0 0.0 -0.343 0.0 
0.0 0.0 0.0 0.0 0.0 
-0.054000000000000006 -0.036000000000000004 0.0 0.0 -0.18100000000000002 
-0.08100000000000002 -0.054000000000000006 0.0 -0.15400000000000003 -0.20800000000000002 
0.0 -0.07200000000000001 -0.14400000000000002 0.0 -0.23500000000000001 
-0.26865 -0.24390000000000006 -0.3420000000000001 -0.20800000000000002 -0.262 
-0.32238000000000006 -0.29268000000000005 -0.21600000000000003 -0.23500000000000001 -0.28900000000000003 
0.0 0.0 -0.252 -0.262 -0.31600000000000006 
-0.62748 -0.27360000000000007 -0.28800000000000003 -0.28900000000000003 -0.343 
-0.24300000000000002 -0.16200000000000003 -0.32400000000000007 -0.31600000000000006 -0.37000000000000005 
-0.5373 -0.4878000000000001 -0.36000000000000004 -0.66628 0.0 
0.0 0.0 0.0 0.0 -0.15400000000000003 
-0.054000000000000006 -0.036000000000000004 -0.07200000000000001 0.0 -0.19486000000000003 
-0.30707190000000006 -0.18813600000000003 -0.21492 -0.2926000000000001 -0.20800000000000002 
-0.10800000000000001 -0.13680000000000003 -0.14400000000000002 -0.18100000000000002 -0.23500000000000001 
0.0 0.0 -0.18000000000000002 0.0 -0.262 
0.0 0.0 -0.21600000000000003 0.0 0.0 
0.0 0.0 -0.252 -0.262 0.0 
0.0 -0.14400000000000002 -0.5472000000000001 0.0 -0.343 
-0.24300000000000002 0.0 0.0 -0.31600000000000006 0.0 
0.0 -0.18000000000000002 0.0 0.0 0.0 
-0.027000000000000003 -0.03420000000000001 -0.036000000000000004 0.0 -0.15400000000000003 
0.0 -0.036000000000000004 -0.07200000000000001 -0.12862 0.0 
0.0 0.0 0.0 0.0 -0.20800000000000002 
0.0 0.0 0.0 0.0 0.0 
-0.135 -0.17869500000000002 -0.18000000000000002 -0.20800000000000002 -0.262 
0.0 -0.10800000000000001 -0.21600000000000003 -0.24715000000000004 -0.28900000000000003 
0.0 0.0 -0.252 0.0 0.0 
0.0 0.0 -0.28800000000000003 0.0 0.0 
0.0 -0.16200000000000003 -0.32400000000000007 -0.31600000000000006 0.0 
0.0 0.0 0.0 0.0 0.0 
-0.927 0.0 -0.036000000000000004 0.0 -1.054 
-0.10746 -0.09756000000000002 -0.07200000000000001 -0.127 -0.34390000000000004 
0.0 -0.054000000000000006 0.0 0.0 -0.20800000000000002 
0.0 0.0 0.0 -0.18100000000000002 -0.23500000000000001 
0.0 0.0 0.0 0.0 0.0 
0.0 -1.008 0.0 0.0 0.0 
-0.18900000000000003 -0.126 -0.252 0.0 -0.31600000000000006 
-0.21600000000000003 0.0 0.0 0.0 0.0 
0.0 0.0 0.0 -0.31600000000000006 0.0 
0.0 0.0 0.0 0.0 0.0 
-0.8894630811600001 -0.94032522 -1.2866691213756956 0.0 -1.211813524 
-0.3160071932346001 -1.7391749757282 -0.3406407746173741 -1.027 -1.0810000000000002 
0.0 -0.06785100000000001 -0.10800000000000001 -0.17315033914 -1.2181600000000001 
-1.008 -0.24300000000000008 -0.27360000000000007 -0.18100000000000002 -0.23500000000000001 
0.0 -0.09810000000000002 -1.2168 0.0 -0.262 
0.0 -0.10800000000000001 0.0 0.0 0.0 
0.0 0.0 0.0 0.0 0.0 
0.0 0.0 0.0 0.0 -0.343 
0.0 0.0 0.0 -0.31600000000000006 0.0 
0.0 0.0 0.0 0.0 0.0 
0.0 0.0 0.0 0.0 0.0 
0.0 0.0 0.0 0.0 0.0 
0.0 0.0 0.0 0.0 0.0 
0.0 0.0 0.0 0.0 0.0 
0.0 0.0 0.0 0.0 0.0 
0.0 0.0 0.0 0.0 0.0 
0.0 0.0 0.0 0.0 0.0 
0.0 0.0 0.0 0.0 0.0 
0.0 0.0 0.0 0.0 0.0 
0.0 0.0 0.0 0.0 0.0 
0.0 0.0 0.0 0.0 0.0 
0.0 0.0 0.0 0.0 0.0 
0.0 0.0 0.0 0.0 0.0 
0.0 0.0 0.0 0.0 0.0 
0.0 0.0 0.0 0.0 0.0 
0.0 0.0 0.0 0.0 0.0 
0.0 0.0 0.0 0.0 -0.38800000000000007 
0.0 -0.21600000000000003 0.0 0.0 -0.42400000000000004 
0.0 -0.24300000000000002 0.0 0.0 0.0 
0.0 0.0 0.0 -0.42400000000000004 0.0 
0.0 0.0 0.0 0.0 0.0 
0.0 0.0 0.0 0.0 0.0 
0.0 0.0 0.0 0.0 0.0 
0.0 0.0 0.0 0.0 0.0 
0.0 0.0 0.0 0.0 0.0 
0.0 0.0 0.0 0.0 0.0 
-0.49581000000000003 -0.3591000000000001 0.0 -0.31600000000000006 -0.38800000000000007 
-0.28800000000000003 -0.21600000000000003 0.0 -0.35200000000000004 -0.42400000000000004 
0.0 -0.24300000000000002 0.0 -0.38800000000000007 0.0 
0.0 -0.27 0.0 0.0 0.0 
0.0 0.0 0.0 0.0 0.0 
0.0 0.0 0.0 0.0 -0.20800000000000002 
0.0 -0.08100000000000002 0.0 -0.17200000000000004 0.0 
0.0 0.0 0.0 0.0 0.0 
0.0 -0.135 0.0 0.0 -0.33544 
-0.42984 -0.457488 0.0 -0.532 -0.6688000000000001 
0.0 0.0 0.0 0.0 0.0 
-0.28800000000000003 -0.22896000000000002 0.0 -0.35200000000000004 -0.44587000000000004 
-0.32400000000000007 -0.46170000000000005 0.0 -0.38800000000000007 -0.45999999999999996 
-0.36000000000000004 -0.27 0.0 -0.42400000000000004 0.0 
0.0 0.0 0.0 0.0 0.0 
-0.07200000000000001 0.0 0.0 0.0 -0.20800000000000002 
0.0 -0.08100000000000002 0.0 0.0 0.0 
0.0 0.0 0.0 0.0 -0.27999999999999997 
0.0 -0.135 0.0 -0.24400000000000005 -0.31600000000000006 
-0.21600000000000003 0.0 0.0 0.0 0.0 
-0.252 0.0 0.0 -0.31600000000000006 -0.38800000000000007 
-0.28800000000000003 -0.21600000000000003 0.0 0.0 -0.42400000000000004 
0.0 -0.24300000000000002 0.0 -0.38800000000000007 0.0 
0.0 -0.27 0.0 0.0 0.0 
0.0 0.0 0.0 0.0 0.0 
0.0 0.0 0.0 0.0 0.0 
0.0 -0.08100000000000002 0.0 -0.17200000000000004 0.0 
-0.14400000000000002 -0.10800000000000001 0.0 -0.20800000000000002 0.0 
-0.18000000000000002 -0.27522 0.0 -0.24400000000000005 -0.33058000000000004 
-0.21600000000000003 -0.16200000000000003 0.0 -0.27999999999999997 -0.37468 
-0.5014799999999999 -0.3591000000000001 0.0 -0.6149800000000001 -0.38800000000000007 
-0.56664 -0.42336000000000007 0.0 -0.35200000000000004 -0.42400000000000004 
0.0 0.0 0.0 0.0 -0.45999999999999996 
0.0 0.0 0.0 0.0 0.0 
0.0 0.0 0.0 0.0 0.0 
0.0 -0.054000000000000006 0.0 0.0 0.0 
-0.10800000000000001 -0.16362000000000004 0.0 -0.17200000000000004 -0.24400000000000005 
0.0 -0.11448000000000001 0.0 -0.20800000000000002 -0.27999999999999997 
-0.18000000000000002 -0.135 0.0 0.0 0.0 
-0.21600000000000003 -0.16200000000000003 0.0 -0.27999999999999997 -0.35200000000000004 
0.0 -0.18900000000000003 0.0 0.0 0.0 
-0.28800000000000003 -0.21600000000000003 0.0 -0.35200000000000004 -0.42400000000000004 
0.0 -0.24300000000000002 0.0 -0.38800000000000007 0.0 
0.0 0.0 0.0 0.0 0.0 
-0.036000000000000004 -0.027000000000000003 0.0 0.0 -0.17200000000000004 
0.0 0.0 0.0 -0.136 -0.20800000000000002 
0.0 -0.08100000000000002 0.0 0.0 0.0 
0.0 0.0 0.0 0.0 0.0 
-0.18000000000000002 -0.2565 0.0 -0.24400000000000005 -0.31600000000000006 
0.0 -0.16200000000000003 0.0 -0.29619999999999996 -0.35200000000000004 
0.0 0.0 0.0 -0.31600000000000006 0.0 
0.0 0.0 0.0 0.0 0.0 
0.0 -0.24300000000000002 0.0 0.0 0.0 
0.0 0.0 0.0 0.0 0.0 
0.0 -0.027000000000000003 0.0 0.0 -1.072 
-0.07200000000000001 -0.057240000000000006 0.0 -0.136 -0.20800000000000002 
-0.10800000000000001 0.0 0.0 0.0 0.0 
0.0 0.0 0.0 -0.20800000000000002 0.0 
0.0 0.0 0.0 0.0 0.0 
0.0 0.0 0.0 0.0 0.0 
0.0 0.0 0.0 0.0 -0.38800000000000007 
0.0 0.0 0.0 0.0 0.0 
0.0 0.0 0.0 0.0 0.0 
0.0 0.0 0.0 0.0 0.0 
-1.2500513846686212 -1.5245796663594908 0.0 0.0 -2.201439466 
-1.0432800000000002 -0.27884683356485407 0.0 -1.2673467190053538 -0.39520000000000005 
0.0 -0.08100000000000002 0.0 -0.17200000000000004 -1.1440000000000001 
0.0 -0.10800000000000001 0.0 0.0 -0.27999999999999997 
-0.18000000000000002 0.0 0.0 0.0 -0.31600000000000006 
0.0 0.0 0.0 0.0 0.0 
0.0 0.0 0.0 0.0 0.0 
0.0 0.0 0.0 0.0 0.0 
0.0 0.0 0.0 0.0 0.0 
0.0 0.0 0.0 0.0 0.0 
