16.25
17.42627476204987
26.488297597830414
30.1389597624512
35.1546932229734
39.455457095736776
40.870697706356125
40.675608874628224
41.1713130434204
45.45471586176922
51.33078276145275
55.71287827296184
59.11839798643091
57.8093647967141
57.35862703199099
60.34808936556243
60.18489907462148
64.6282601113207
63.70297589149953
65.62540204059047
63.739156062933155
61.17779627126405
65.13749143519472
66.85590089800532
65.65049699118262
64.99850892516596
65.49928537983838
67.55764844113294
65.83996509687643
61.82874048565561
60.5873497739193
56.10213168699178
57.1675299548293
54.4001162671055
57.373728764120166
59.58606978559804
60.22537686284096
58.285026809812365
57.1938300050467
54.32129893758668
52.12841797227448
50.905893495230735
52.18942299789049
53.45454438036342
50.09333344829094
52.169810268856985
53.69107442224199
53.15411966530065
57.79631746609882
56.45795191620281
54.15082500149671
56.7240487654047
59.42563736942464
57.44289534090802
58.30697325554023
59.006379505197955
59.05290307862931
54.429238841211415
50.33182423876686
49.2774795629629
53.091289960016944
56.05644913803736
56.20124869906951
58.6851449521814
56.255364770855785
58.19051386837868
56.69465779896794
56.60698590665593
55.62507122297915
60.27993245802978
62.19973512028872
62.43624850615891
61.74417155850238
60.08983357075691
58.08994479864852
56.262279576130666
55.19788595884854
52.807436400666695
57.53482200169767
60.777599460567565
59.21888911747567
57.952556762645514
60.35397147519742
63.77694754964719
60.77780038481628
56.30971949085167
59.27322956218164
59.83319047702855
59.20916933189364
53.96364340362154
56.085686940512005
59.771223777031715
55.496827083111434
56.5000898768407
53.433366176173315
56.29687939242953
54.72088160765638
58.03616101005292
57.48550794993409
57.982046218789385
53.81902808989528
48.94813392704795
52.1752606492199
53.711697302780536
57.2086998006483
52.71247490072229
51.74743197892647
47.967889983217134
46.665004080870325
50.072784613690956
53.15359587681008
55.87004346232513
58.393756999045166
63.56513374946362
67.2462086571645
68.73831645400195
63.86926908583703
64.27351717819299
67.68592286003637
64.9147570383522
67.84032659163772
64.5447807902483
66.68212158316031
66.91678926915293
68.50540063722535
66.54760089609995
68.69744578559163
65.64447136365472
69.2210888152997
71.12393973784259
72.14020800823806
71.13213976506925
67.02159787479893
62.282807159419264
56.694330402216565
52.45436432691643
54.56132450016214
50.454366568230505
53.632004024380656
57.677997190508904
53.69668924071942
57.093261025288335
61.04508403854708
55.494271832172494
57.45945813939319
57.08055513334217
56.93048207363059
53.471991143883024
52.447419283746655
47.89861005532105
52.04764856084011
51.89321160572348
52.251044017018835
48.9074617907133
50.235767200720595
54.181288898212685
50.11382175061944
51.41121835138826
50.32543391006254
48.572357502814064
52.98625023682562
53.91451251181494
48.87267109493181
53.9236749364655
54.20451440483197
54.573912030882965
53.266329061175654
55.707126759482186
50.44214697578131
49.00254046448058
52.79958408375812
57.15768555042769
53.836019337660055
56.77166979002904
62.01278692917782
59.8116902348913
62.4125387658378
63.513523698402885
63.677236525546476
68.21312558839396
68.6670910252855
72.58544352168498
70.8568390151668
74.39739473054874
72.01217272637149
66.86245023051775
66.80350253379501
62.14489694573595
60.63449901487816
60.91259827885425
64.13175549440318
67.41816287059777
61.69761741520784
61.9645971179598
63.295856235022775
59.519987095814884
55.3389945214105
50.490892511470854
46.47292159618019
48.92258837824161
49.14341060795285
50.29572410582085
51.46617977920984
57.195095870148215
59.6996519628184
60.426157051523596
61.838916197620755
60.050173729112
55.839682337954066
52.38165929416585
55.89598567257488
50.830621552839006
55.439533520553354
56.105466374771716
60.439058451315695
62.45176287981759
57.597525917419325
61.143273025603776
65.09184027865784
68.24795194383972
69.13400081005311
72.13162619732783
73.49932169985075
72.59974910149951
67.20894609308714
60.69052682003348
59.22414327154251
63.839682187155276
67.69975493989571
70.58259082816836
69.31365852740292
69.5566426915101
66.79453689235024
61.499128540725145
62.7820275792909
59.31791905454345
61.432191087265544
55.78012978354092
58.38131746381463
57.89191931680811
59.385884156372605
62.89738194639503
60.73687060114026
64.3913339475303
66.70735015731994
69.55957315384876
68.93706904183286
66.37371393734158
65.64147266915394
62.62072742103221
62.261578631392545
64.10124812406539
66.82160458902987
70.34231959794394
65.98794580577666
67.56915620559263
67.34650348039725
63.74179304209109
67.90779429138206
68.88518448255648
65.24294829277672
67.73212202361705
69.93470430107017
67.82749819267949
65.6791419604256
68.44538246713994
70.52172429863555
73.58803922844052
71.02689621643839
65.52087280666994
64.57072147561172
65.00562620804816
68.94977169570457
72.1390545913912
66.76047723358394
62.88486983722908
57.892064714787196
60.55886362174006
65.22007458557668
65.3109853329438
65.62073202862794
60.26719644424371
62.33476295792867
60.91834815642662
61.83811360448686
59.89784902446629
61.826141003646285
60.35359070645405
59.51010007281772
64.11568586681369
64.23477308813771
62.43870921526493
66.1437354303725
68.74022731718657
70.233934540597
72.09116393409272
65.22070436752723
65.60743854417738
69.4492966249176
70.23726370696687
70.6929783822418
69.73450370639249
68.24354311884032
71.47961765773753
72.84056201503047
72.9723415526852
75.40686583409234
77.44929922811093
73.94128394972843
77.02533604946869
79.70829356542608
72.16125183535542
73.74391031343674
69.85087835285624
70.7272265139201
72.62318253984057
75.22477200214446
67.98834019105784
69.289904119539
63.80324237613342
66.5682968509824
66.22822000559614
62.70793167062525
65.68840435828453
65.16093200018821
59.77338874091435
58.84240580400759
60.17635781945317
60.6660298863507
59.662304008009606
61.547195841989854
60.17651585501933
64.44544876470847
65.18207235554591
65.81385547188167
62.817699898053945
57.20527205583244
53.64796058213268
50.904769513564815
54.52889242370587
54.35473144611878
55.73140920386095
56.908101600699624
53.62923311687167
57.59321954265327
56.44829540115678
59.990701861208386
59.78087235248496
59.036631180339725
61.3546977474141
58.23997862528137
61.67111484328623
60.802147481317206
55.340672658262115
55.911036548721015
59.22706499337862
63.01977987904262
59.65192589239058
65.02622611658019
65.83620448687552
60.796642989118375
65.24290871831478
59.58224638489884
64.17366969149548
60.57255858193983
65.28625266229989
68.53488872722511
71.51079770365286
75.27170286746576
77.60181269491706
70.59241917809969
74.30828923893961
71.35975944154296
73.23754425390288
76.61370402153885
71.04238060365468
73.41860348954464
77.37686903010203
80.89357862980441
75.98787801702265
69.70439746934302
72.75214891646861
74.34328394212257
67.21822832294761
65.29723658860146
64.52302581138495
64.38537052670277
67.15187452669348
68.03337370611416
70.4841533557361
67.31505295323981
60.995999769237145
58.93742352949856
64.21410931188407
59.803829067851964
63.88329653679988
64.5872801702615
68.54685645293792
69.8716359400634
72.80709721489387
75.28232110360554
75.10333620480367
76.25415115705616
79.9996424297116
83.14051109140478
85.94195488824764
81.8797419469393
78.3028439528172
79.10989983632018
78.02394986432792
81.26727993656223
80.07086427029975
76.27543600744941
74.4264995163307
68.762723666975
64.21426618351373
62.905646112737365
62.222769428891766
65.41147971818091
64.44064042557848
63.91361150440213
64.31270271181808
60.550411490818966
60.181247659854044
54.89595563593348
55.38775339556169
50.08785482423944
48.677949912345106
48.367378529193026
51.840828405440185
47.251316737183245
46.6753303593756
47.05556908179404
52.42325336346452
49.1310734186993
49.049261576542
46.74684222394559
50.36814409773645
51.41320951236289
56.80630693265159
61.599634782539916
58.5358021260641
61.74470718593646
58.85652484574136
63.6812001608993
64.04243556106094
66.19409586868092
69.47349370134167
69.02511702749376
63.30578860380641
65.86877087040486
59.37585189219136
64.27897182823924
59.7427879942925
61.53506156048796
63.89668564172021
64.81134478129394
65.22131100574067
65.70286782334239
61.77911941976599
56.492084795314476
61.667173539083905
57.95694568884525
63.285739425255535
64.66758466348345
66.89220716951954
67.36197291122963
69.60663789203502
72.16574937075619
74.52268476546277
76.47402838584433
74.59854944726615
74.16151477745936
75.6986592487094
72.54304209690248
75.91468027394342
71.26311453675939
64.7522907911121
64.13066218690138
58.99194404865702
61.4958586680496
63.787398806777254
66.76261915623842
67.25843470092254
69.46815467399486
66.14637012846379
60.29140848023785
65.00448180053132
65.67068394214773
67.56605344577491
68.89858544619646
68.92805458645925
67.88067114539855
64.77234841238236
67.75066873503836
68.05206632230738
71.27559249425286
69.17987307042564
70.86707115653458
70.39779301939294
68.97410391458382
62.94386073844649
63.47006103155925
65.32131431680754
58.9955216219066
64.4471410830152
69.12371996598853
71.0179292176392
75.34384998040807
79.21709597789653
76.41309773303102
76.55779903365108
78.95364892906092
76.84611166300613
79.73539275297397
82.23364538063575
82.02501683977317
84.43630364099678
82.80034529118367
77.52442130484881
76.14236921728731
78.04768237590137
74.40285045444449
75.9073830076638
74.75022072255454
73.13663499875645
72.00844828560183
65.19357595154027
62.1855591193103
66.3721375733249
68.08801772071355
61.859326279984536
57.28231321194217
58.32452033249271
62.106219715543176
65.47401763972657
60.737606110292596
60.59627881004796
58.842616647378954
60.05774438366819
60.118088254672166
56.23333243302868
58.10889344864651
58.396878271714925
53.98340109311225
59.801111683489694
60.419757279603644
64.735333601342
67.60111587617104
64.87890155905612
63.75060995517978
63.027505840194564
67.77229914231458
72.1184795335031
67.08639899868291
71.56629797202272
66.88882105289593
70.57594934068159
73.5202661444332
77.18253082106696
78.54513248562898
76.25883318085286
69.58844427821826
65.79804812684293
61.94501057440556
62.66814278190367
59.26564061036987
62.12089118688121
59.20359552733498
61.29081830565761
60.97620099938691
60.149109737577966
60.33344189015207
54.374072288120786
52.73414202985825
51.57053372564704
53.35837637872037
54.9957255751373
58.909597817295264
62.65922283500953
67.05698217320796
69.24708805601347
70.74752675762636
74.70768899194051
78.38951219725661
74.68132741435365
70.50240015123426
70.16927757898543
72.93274293054472
74.06372010958887
77.20551425231706
69.91635472070932
72.55955459658236
68.39977190569996
69.74439746150415
69.20045216902562
70.6234959769971
73.28051987295262
73.48311408292908
77.54204681340812
77.72603512164193
81.26475204284023
83.99936397064303
87.00830083603664
79.57987822206015
82.60601506670125
84.39467927234816
86.9833948992244
89.66651614512341
92.07810116563634
88.73427806527495
83.10532194608744
85.95765656446157
86.67997508989448
87.55504168229139
89.95755755299338
92.28903978612296
93.94224295786623
89.60465385224963
91.98329660130925
93.57163311038629
95.72133367330676
95.76930963342969
96.28545794885144
94.34245389343602
96.41556397001067
97.51134343638721
96.53195106480247
90.33691643773288
91.92514167486928
91.74350556107073
87.92698522387404
89.74790299624456
85.05596101640737
82.40193094906604
75.69565920206203
71.13822095543934
70.38245024631108
73.23227129174799
73.24984962742876
71.39666050233538
65.83179270804284
63.822235136449954
63.96362746463807
66.80451025606042
66.60568752256401
60.377848816077226
61.132126820707455
56.73019365687204
56.42050437926835
58.528103002110264
63.17012112862641
62.844990886400495
63.52271270024954
63.326292352784684
67.71162364887381
61.68642025967544
61.49225871988611
60.94499763851934
62.855051820801286
67.57942538367642
69.38618707704435
73.40594440486815
73.28178286538018
75.51807003192474
75.0906427696077
75.620066254537
77.89344925829776
78.90192890004852
77.9360340463806
72.18931819565974
74.19604735836103
76.66685201826243
74.58452032539617
71.63888292316592
65.73042232242953
66.25441741936481
61.27132317625224
61.26907648830606
63.76025678203621
65.77130525861477
67.34213705907237
68.84205839603153
62.577717796325594
63.003065463879615
60.10100956666482
61.32504250101605
60.58304719228198
64.31604543380458
62.45839151456201
63.921753441062634
64.28172445814178
58.192252308418034
59.835827675896326
62.54260235126162
59.955717958866785
55.272321125833
51.548805730658344
52.725181760662544
52.47277774478821
54.17129273433622
53.44163013827712
57.89718557618762
62.74862922452367
65.09211907431461
66.30543025031243
69.86827643615582
67.29989304506992
68.58994249300511
66.0454573604692
69.33647108356492
65.65666839659555
63.323689382261385
61.241106930482815
58.41133745631693
59.06999674618402
57.902635719755125
53.436000549179106
49.18181177598871
51.34431758522361
53.49579286813041
56.975072541046345
60.40123791834662
55.78629119274512
55.22375089304785
52.535219764729014
53.814048385647475
55.539784925367606
51.81883944836022
54.865176752946375
50.04379687599779
48.0781482409214
44.2582069547872
45.20993727971664
40.7788475139574
45.67886419644783
43.241801963084754
48.924639671918044
54.44606383560294
53.08239087990919
58.38998338825287
60.083958023530535
57.32733771325399
57.08320558583343
55.77753155014382
54.085704259435104
53.597660455429796
49.06249431414964
51.132913718394676
56.03027906654123
51.621306368958464
49.8049164257867
51.66137869787259
50.26727110204961
53.39978694677339
52.90739720011239
53.47755059777381
56.15757120243141
52.14874511979727
49.85872607914331
55.07925996589898
56.35017685983924
58.02678752560654
62.23012629434139
60.77861917060158
55.76815482125338
56.09188619982729
56.17982775697893
56.783998606364925
56.36374174816151
55.490725676671616
55.53223919241429
53.81612986771751
56.11278639859867
58.27426865969544
62.498224034568906
66.06067749250983
68.80757682129921
69.1691778362969
71.96408464234516
71.21612152977863
72.67068590235472
71.3795165037454
72.07791211369273
71.77329898939982
67.03737769297568
62.978766106537854
60.24599548347871
63.28288586422144
66.44146780060505
69.48529658785091
68.61743790844764
71.43367887544608
74.1208910859202
69.60775288494435
72.03586943843186
72.94106998584327
68.08473551947753
69.12308378891744
72.77855088707818
75.4260512041644
77.08748239833892
79.18728627499794
75.79258150373165
69.84451701771529
73.22540472834511
75.85368068073821
78.0956081788458
75.71445485996338
73.81322841072146
72.64430312405881
73.02515327112448
74.1224520847399
76.57417300699214
77.58703569452156
75.8496805166247
74.90893128492831
73.14663592240447
71.25215627303746
65.12798778700186
59.18244231459955
54.276704426331335
58.88501933025883
61.13615718701772
64.86275618102856
66.83115588346912
63.11425830938011
66.44281469847189
68.65348980988553
63.569038419152335
60.736740200118646
63.386957965332044
62.76594596340572
66.11311452237155
69.21643905861912
64.75602712828402
68.51965085830192
67.26021071433806
64.15427729118448
65.37638357948393
65.04172858071887
67.93725519916494
68.04513921582863
68.74732647091665
71.46181195361359
71.21382688886365
71.94884403654432
70.19525538530326
70.04220852124902
65.55777395564644
65.29268132505334
66.05749799757872
65.17194744480321
68.81690961198984
70.7360825599914
65.54552150061724
63.26024424477852
67.65894122933041
68.78934088659061
69.20885248686676
65.42570056211888
66.43457043924931
70.32950887132971
66.43607500461512
67.48164111657489
67.29218389948004
70.71777068966871
73.10258032851463
67.40935009538322
65.73831567808926
68.86298660812689
72.91299348484527
73.27505269567341
73.12239453961993
74.42427386976678
77.77841933465471
79.06919900472846
75.50072946188217
73.3929638176351
72.57056341539827
73.18781530481205
75.60910571129622
77.02074836327878
79.43272346062952
73.58006576339564
74.16696222453128
69.74300556202341
72.35658614530608
76.15014250451063
77.66519827919801
78.78295160436846
73.33783007941729
69.71643529186528
72.90872624474443
72.59485075069672
67.70928222329218
70.18849737359477
72.58388664801241
75.89423567842695
73.91849094999587
71.48487713812793
71.05548468169277
66.90905358484147
64.7510865523991
59.537961810713384
55.9982285068923
55.435532502174745
54.06607571026171
55.06477942497499
61.19854303768676
60.54582978357944
64.1796880736343
64.34338732502233
68.77519208441196
71.6363003914635
74.41349511400266
76.18036019505942
73.91594654193774
71.03500521300545
74.19163547386643
70.54892386248041
67.62339337401248
69.70844697674448
69.91137811294277
72.19526603558593
74.57892932834837
77.91399016034846
77.02383516136305
79.97706753776504
76.9642517809804
79.90309283274127
79.9861671276707
80.99992351996639
83.68470493545847
83.18455033747595
85.7390506666342
83.6030407386882
86.02212377238168
86.13615183230199
85.80863089990723
85.27672475355894
87.38807649835138
85.36329936057935
79.92094977210951
74.92118867839851
77.7017256726688
76.6305810236267
70.51372824057096
73.41860304354306
74.50960256507358
75.08047606798031
73.01575280433875
73.45645778274354
77.01648594939607
76.17781398513743
75.96243042005338
77.33435005952003
79.95547867649368
78.71543481004656
81.93764417874938
84.1783345198422
84.95364246811609
85.8442363652544
88.74632362354835
90.67511400177295
89.82645408858593
86.71413936315263
84.20276159091287
87.29464509498041
89.90426571346566
91.2199325973939
92.75043146850349
93.45393038015068
90.98033071508397
93.04727621627727
94.37382025809933
95.23700353690361
91.4554603350853
87.71131480446584
89.80229145344269
92.15991408268593
93.34649463950376
95.31913124636971
96.49083152094511
98.31834440040046
99.92954758462986
100.15036671064166
99.3316880822333
94.59651547995655
91.98954704928573
92.24142262548801
89.71992751817736
92.1545464663555
90.49288392984398
87.1168208190452
87.68482694369679
89.50550045418497
81.36881896286152
81.07603661615038
81.49124012627027
80.27160692408341
73.8432380271058
71.23851265367227
74.84408377606995
71.02171067286059
69.04586060953754
63.71314544452813
58.67352984102876
59.5727666807362
60.370787200157416
58.007688304065255
61.70747344441927
58.19236687528841
58.74954580753802
58.08058443847811
60.46564285274971
62.47373714302422
59.847589461642926
55.4046389888895
56.40106696663884
56.762142629573965
60.10486368641572
59.078459139586656
62.83039055840095
61.21796019959896
56.45100498187799
59.64817327427407
61.32606787776575
63.98841890842054
67.7707552283901
71.04268832983881
74.7054740622013
72.86596878458428
75.59370669774064
78.72175184213592
78.2779164595083
79.85932113521446
72.72045339837479
71.99258535414401
72.80671366352841
67.11428668401825
69.25029031156016
72.06512640162431
70.37203318257826
73.96527767794079
77.03347081115366
79.31543810387615
76.58710690664587
78.55436663614879
79.95177816445786
73.89267041485034
71.44262513066991
71.0919439886295
65.12950253843877
67.19746040106412
69.00371890038619
72.40637895111394
71.448687154007
74.5185558467625
70.33003963592154
73.42795160637988
75.21305284268476
72.67563647233037
76.19476191298742
68.97970727559223
69.79282890098038
72.30430944868326
67.44042779383645
61.51678479600014
61.89802458797029
65.6149747171776
62.162016392979204
63.5575384594453
66.98660766933861
60.87629480133161
60.46726847928435
62.64745817065157
61.786390692258685
64.80287019813149
63.05953697868962
57.83065775469664
60.48935283126875
58.88264459056276
59.22054089501335
58.93067828733821
57.632262305651416
57.19289236992701
56.41965692900233
55.203010595089594
54.935131920393765
51.40156192158138
54.243219894214256
54.43080744628259
53.239483102383915
54.35488629660023
57.19860316421557
61.057488119078286
64.86814141261982
62.70882223981591
61.384528901106926
64.70220983640104
61.29734426813008
59.95368641530652
58.05959474448936
55.24772401774843
50.62723278404406
49.45094623900857
55.01509071071355
52.576450855813384
55.38659621880713
60.38383486322557
64.46750381114016
68.93287067024487
66.49064186162444
63.20408413317414
65.86760552546733
63.11679213484648
59.53938870506613
57.90038223334359
62.934610323077244
65.27712485665403
67.0778322009954
69.54303774810582
63.20518083436678
66.2273977657798
69.8270297409401
72.38879430901328
74.37690130255483
77.36588657448289
79.47407849297466
82.32183401982729
80.07550733478647
73.06247754820588
75.690626842855
68.88058175796543
71.741000259402
73.56111925596818
70.97880726294702
73.47556095375786
70.11037361376341
66.9500189416304
66.66664878087204
64.58324315511254
63.72996467465669
62.19140825684891
61.524792944663574
59.94730361117991
60.42925869352811
60.863018267641486
61.253401884343525
61.60474713937537
61.920957868904026
62.20554752547981
62.46167821639802
62.69219583822441
62.89966169786816
63.08638097154754
63.25442831785898
63.40567092953927
63.54178928005153
63.66429579551257
63.7745516594275
63.87378193695095
63.963089186722044
64.04346571151603
64.11580458383062
64.18090956891376
64.23950405548857
64.29223909340591
64.33970062753151
64.38241600824456
64.42085985088629
64.45545930926386
64.48659882180365
64.51462438308948
64.53984738824673
64.56254809288825
64.58297872706562
64.60136629782525
64.61791511150892
64.63280904382421
64.64621358290799
64.65827766808337
64.66913534474122
64.6789072537333
64.68770197182616
64.69561721810973
64.70274093976496
64.70915228925466
64.71492250379538
64.72011569688203
64.72478957066002
64.72899605706021
64.73278189482039
64.73618914880454
64.73925567739029
64.74201555311745
64.7444994412719
64.74673494061089
64.748746890016
64.7505576444806
64.75218732349872
64.75365403461504
64.75497407461972
64.75616211062395
64.75723134302774
64.75819365219117
64.75905973043824
64.7598392008606
64.76054072424074
64.76117209528284
64.76174032922076
64.76225173976486
64.76271200925457
64.76312625179531
64.76349907008198
64.76383460653997
64.76413658935216
64.76440837388314
64.76465297996103
64.76487312543111
64.76507125635419
64.76524957418496
64.76541006023265
64.76555449767558
64.76568449137422
64.765801485703
64.76590678059888
64.76600154600519
64.76608683487085
64.76616359484996
64.76623267883114
64.76629485441423
64.766350812439
64.7664011746613
64.76644650066136
64.76648729406142
64.76652400812146
64.7665570507755
64.76658678916415
64.76661355371392
64.76663764180873
64.76665932109404
64.76667883245084
64.76669639267195
64.76671219687094
64.76672642065003
64.76673922205121
64.76675074331229
64.76676111244724
64.76677044466871
64.76677884366802
64.76678640276742
64.76679320595686
64.76679932882737
64.76680483941082
64.76680979893594
64.76681426250855
64.76681827972388
64.76682189521769
64.76682514916212
64.76682807771209
64.76683071340707
64.76683308553255
64.7668352204455
64.76683714186714
64.76683887114662
64.76684042749814
64.76684182821451
64.76684308885926
64.76684422343952
64.76684524456176
64.76684616357178
64.76684699068079
64.7668477350789
64.76684840503721
64.76684900799967
64.7668495506659
64.76685003906549
64.76685047862514
64.76685087422882
64.76685123027212
64.7668515507111
64.76685183910618
64.76685209866176
64.76685233226178
64.7668525425018
64.7668527317178
64.76685290201222
64.76685305527718
64.76685319321565
64.76685331736029
64.76685342909045
64.76685352964759
64.76685362014902
64.76685370160031
64.76685377490648
64.76685384088202
64.76685390026002
64.76685395370019
64.76685400179637
64.76685404508292
64.76685408404083
64.76685411910293
64.76685415065884
64.76685417905914
64.76685420461942
64.76685422762367
64.7668542483275
64.76685426696093
64.76685428373104
64.76685429882413
64.7668543124079
64.7668543246333
64.76685433563617
64.76685434553875
64.76685435445107
64.76685436247215
64.76685436969113
64.7668543761882
64.76685438203558
64.76685438729821
64.76685439203457
64.76685439629732
64.76685440013378
64.76685440358659
64.76685440669414
64.7668544094909
64.766854412008
64.76685441427338
64.76685441631224
64.76685441814722
64.76685441979868
64.766854421285
64.7668544226227
64.76685442382663
64.76685442491016
64.76685442588533
64.76685442676299
64.76685442755287
64.76685442826378
64.7668544289036
64.76685442947942
64.76685442999768
64.76685443046411
64.7668544308839
64.76685443126169
64.76685443160171
64.76685443190775
64.76685443218315
64.76685443243103
64.76685443265411
64.7668544328549
64.7668544330356
64.76685443319823
64.7668544333446
64.76685443347634
64.7668544335949
64.76685443370161
64.76685443379763
64.76685443388406
64.76685443396185
64.76685443403186
64.76685443409487
64.76685443415158
64.76685443420261
64.76685443424854
64.76685443428988
64.76685443432709
64.76685443436057
64.7668544343907
64.76685443441782
64.76685443444224
64.76685443446421
64.76685443448397
64.76685443450178
64.76685443451778
64.76685443453219
64.76685443454517
64.76685443455685
64.76685443456735
64.7668544345768
64.76685443458533
64.76685443459299
64.76685443459988
64.76685443460607
64.76685443461166
64.76685443461669
64.76685443462121
64.76685443462529
64.76685443462895
64.76685443463225
64.7668544346352
64.76685443463789
64.76685443464028
64.76685443464245
64.7668544346444
64.76685443464615
64.76685443464773
64.76685443464915
64.76685443465043
64.76685443465158
64.76685443465261
64.76685443465354
64.76685443465438
64.76685443465513
64.76685443465581
64.76685443465642
64.76685443465698
64.76685443465747
64.76685443465792
64.76685443465831
64.76685443465867
64.766854434659
64.76685443465928
64.76685443465955
64.76685443465978
64.76685443465999
64.76685443466017
64.76685443466036
64.76685443466052
64.76685443466066
64.76685443466079
64.76685443466089
64.76685443466098
64.76685443466108
64.76685443466117
64.76685443466124
64.76685443466131
64.76685443466137
64.76685443466143
64.76685443466147
64.76685443466151
64.76685443466155
64.7668544346616
64.76685443466162
64.76685443466165
64.76685443466168
64.7668544346617
64.76685443466172
64.76685443466175
64.76685443466177
64.76685443466178
64.7668544346618
64.76685443466181
64.76685443466181
64.76685443466182
64.76685443466184
64.76685443466185
64.76685443466185
64.76685443466187
64.76685443466187
64.76685443466187
64.76685443466187
64.76685443466187
64.76685443466187
64.76685443466187
64.76685443466187
64.76685443466187
64.76685443466187
64.76685443466187
64.76685443466187
64.76685443466187
64.76685443466187
64.76685443466187
64.76685443466187
64.76685443466187
64.76685443466187
64.76685443466187
64.76685443466187
64.76685443466187
64.76685443466187
64.76685443466187
64.76685443466187
64.76685443466187
64.76685443466187
64.76685443466187
64.76685443466187
64.76685443466187
64.76685443466187
64.76685443466187
64.76685443466187
64.76685443466187
64.76685443466187
64.76685443466187
64.76685443466187
64.76685443466187
64.76685443466187
64.76685443466187
64.76685443466187
64.76685443466187
64.76685443466187
64.76685443466187
64.76685443466187
64.76685443466187
64.76685443466187
64.76685443466187
64.76685443466187
64.76685443466187
64.76685443466187
64.76685443466187
64.76685443466187
64.76685443466187
64.76685443466187
64.76685443466187
64.76685443466187
64.76685443466187
64.76685443466187
64.76685443466187
64.76685443466187
64.76685443466187
64.76685443466187
64.76685443466187
64.76685443466187
64.76685443466187
64.76685443466187
64.76685443466187
64.76685443466187
64.76685443466187
64.76685443466187
64.76685443466187
64.76685443466187
64.76685443466187
64.76685443466187
64.76685443466187
64.76685443466187
64.76685443466187
64.76685443466187
64.76685443466187
64.76685443466187
64.76685443466187
64.76685443466187
64.76685443466187
64.76685443466187
64.76685443466187
64.76685443466187
64.76685443466187
64.76685443466187
64.76685443466187
64.76685443466187
64.76685443466187
64.76685443466187
64.76685443466187
64.76685443466187
64.76685443466187
64.76685443466187
64.76685443466187
64.76685443466187
64.76685443466187
64.76685443466187
64.76685443466187
64.76685443466187
64.76685443466187
64.76685443466187
64.76685443466187
64.76685443466187
64.76685443466187
64.76685443466187
64.76685443466187
64.76685443466187
64.76685443466187
64.76685443466187
64.76685443466187
64.76685443466187
64.76685443466187
64.76685443466187
64.76685443466187
64.76685443466187
64.76685443466187
64.76685443466187
64.76685443466187
64.76685443466187
64.76685443466187
64.76685443466187
64.76685443466187
64.76685443466187
64.76685443466187
64.76685443466187
64.76685443466187
64.76685443466187
64.76685443466187
64.76685443466187
64.76685443466187
64.76685443466187
64.76685443466187
64.76685443466187
64.76685443466187
64.76685443466187
64.76685443466187
64.76685443466187
64.76685443466187
64.76685443466187
64.76685443466187
64.76685443466187
64.76685443466187
64.76685443466187
64.76685443466187
64.76685443466187
64.76685443466187
64.76685443466187
64.76685443466187
64.76685443466187
64.76685443466187
64.76685443466187
64.76685443466187
64.76685443466187
64.76685443466187
64.76685443466187
64.76685443466187
64.76685443466187
64.76685443466187
64.76685443466187
64.76685443466187
64.76685443466187
64.76685443466187
64.76685443466187
64.76685443466187
64.76685443466187
64.76685443466187
64.76685443466187
