74.12
94.195
94.195
76.76666666666667
86.36250000000001
47.71875
54.53571428571428
41.193749999999994
41.193749999999994
100.125
93.5625
106.92857142857142
56.84285714285714
66.31666666666666
71.66
71.66
111.5
111.5
134.16666666666666
134.16666666666666
80.9375
64.75
75.725
75.725
113.32499999999999
90.65999999999998
45.827777777777776
54.993333333333325
58.76666666666668
48.97222222222223
76.26666666666667
76.26666666666667
63.55555555555556
23.057142857142857
20.175
34.86944444444445
34.86944444444445
13.525
15.027777777777779
13.41388888888889
12.0725
21.02592592592593
21.02592592592593
21.02592592592593
37.285
37.285
84.03333333333333
84.03333333333333
82.43333333333334
82.43333333333334
64.025
64.025
60.51875000000001
60.51875000000001
80.28888888888888
72.25999999999999
39.755
39.755
67.39
74.87777777777778
32.275
32.275
32.64
32.64
35.8
40.275
51.7
51.7
39.521428571428565
34.58125
36.112500000000004
41.27142857142857
57.3952380952381
28.160714285714285
32.854166666666664
57.24999999999999
68.69999999999999
52.46999999999999
52.46999999999999
70.42
70.42
88.30000000000001
88.30000000000001
28.625
24.535714285714285
89.0
89.0
105.93125
105.93125
105.93125
72.05185185185185
72.05185185185185
75.14722222222221
75.14722222222221
52.65925925925926
59.24166666666667
33.596296296296295
37.795833333333334
37.39999999999999
33.66
18.383333333333333
20.425925925925924
57.17407407407408
51.45666666666667
39.92999999999999
39.92999999999999
20.029999999999998
20.029999999999998
51.476666666666674
51.476666666666674
32.63333333333334
32.63333333333334
41.06666666666667
41.06666666666667
58.16296296296297
58.16296296296297
21.85
21.85
40.9075
40.9075
30.988888888888887
30.988888888888887
24.04722222222222
21.6425
27.27777777777777
27.27777777777777
48.05555555555556
48.05555555555556
37.54
41.71111111111111
54.77777777777778
49.300000000000004
0.78
0.78
61.74666666666667
61.74666666666667
52.143333333333345
52.143333333333345
64.79444444444444
58.315
53.69666666666666
53.69666666666666
37.805
37.805
37.805
77.12
53.50333333333332
53.50333333333332
34.45333333333333
38.281481481481485
43.06666666666666
38.827777777777776
31.184999999999995
31.184999999999995
82.27777777777777
92.56249999999999
94.17500000000001
83.71111111111111
72.22777777777777
81.25625
59.26428571428571
59.26428571428571
96.92857142857142
96.92857142857142
75.83333333333333
91.0
109.74
137.175
87.06
87.06
114.05333333333331
73.67
73.67
47.927777777777784
47.927777777777784
73.8125
63.26785714285714
33.33571428571428
38.891666666666666
40.306666666666665
33.58888888888888
47.52777777777777
47.52777777777777
32.866666666666674
32.866666666666674
59.27142857142857
59.27142857142857
59.199999999999996
51.800000000000004
59.199999999999996
51.55416666666667
51.55416666666667
44.96666666666667
39.34583333333334
43.38125
43.38125
67.596875
60.08611111111111
67.596875
19.662499999999998
19.662499999999998
40.14166666666667
40.14166666666667
42.39722222222223
42.39722222222223
20.533333333333335
23.1
24.02222222222222
81.08888888888889
72.98
73.82222222222222
66.44
74.905
74.905
48.55
54.618750000000006
42.6375
48.72857142857143
57.06249999999999
57.06249999999999
74.6625
74.6625
78.15555555555555
87.92500000000001
100.4857142857143
87.75
78.0
57.74444444444444
57.74444444444444
78.3
57.4125
65.61428571428571
60.49444444444444
60.49444444444444
74.65
63.98571428571429
29.414285714285715
34.31666666666667
37.5875
45.105000000000004
37.5875
44.87142857142858
39.2625
22.52857142857143
22.52857142857143
34.7
34.7
70.025
49.92142857142857
49.92142857142857
107.95714285714284
107.95714285714284
12.3125
14.071428571428571
88.85833333333333
76.16428571428571
36.67142857142857
36.67142857142857
125.06666666666668
150.08
104.17
130.2125
96.52499999999999
128.7
96.89999999999999
96.89999999999999
146.57500000000002
146.57500000000002
87.60833333333332
116.81111111111109
126.82500000000002
126.82500000000002
98.53333333333335
98.53333333333335
73.04444444444444
54.78333333333333
75.77999999999999
75.77999999999999
85.175
85.175
68.14
52.39999999999999
52.39999999999999
51.31666666666666
43.98571428571428
120.30000000000001
103.4857142857143
90.55
76.96666666666665
76.96666666666665
79.48888888888888
71.53999999999999
72.23
72.23
76.15
76.15
70.77000000000001
70.77000000000001
59.150000000000006
59.150000000000006
74.67
82.96666666666667
82.96666666666667
84.16666666666667
84.16666666666667
87.10000000000001
87.10000000000001
68.89166666666665
68.89166666666665
19.517857142857142
17.078125
23.88611111111111
26.871875
26.871875
42.971428571428575
50.13333333333334
31.220833333333335
31.220833333333335
27.385714285714286
27.385714285714286
54.91071428571429
54.91071428571429
36.166666666666664
36.166666666666664
36.166666666666664
50.81250000000001
50.81250000000001
54.13333333333333
54.13333333333333
61.73125
82.30833333333334
60.54999999999999
60.54999999999999
107.06666666666669
107.06666666666669
63.922222222222224
63.922222222222224
64.98888888888888
64.98888888888888
86.15
86.15
85.23333333333333
85.23333333333333
310.025
310.025
65.425
32.7125
66.87777777777778
66.87777777777778
39.24444444444444
39.24444444444444
85.82499999999999
85.82499999999999
69.43333333333332
227.31666666666666
227.31666666666666
107.55000000000001
71.7
221.3833333333333
221.3833333333333
105.3
78.975
101.0
134.66666666666666
103.33333333333334
103.33333333333334
103.33333333333334
161.90000000000003
161.90000000000003
108.55000000000001
217.10000000000002
50.0
50.0
202.2
94.40000000000002
188.80000000000004
101.6
50.8
104.60000000000001
78.45
100.25
80.2
92.52499999999999
92.52499999999999
110.475
110.475
160.04999999999998
160.04999999999998
81.24444444444445
60.93333333333334
48.74666666666667
57.07333333333333
57.07333333333333
49.2
59.040000000000006
65.33749999999999
65.33749999999999
63.31111111111112
47.48333333333334
67.48888888888888
67.48888888888888
48.912499999999994
39.129999999999995
32.17916666666667
32.17916666666667
42.475
53.09375000000001
70.79166666666666
67.55
67.55
62.211111111111116
72.1875
96.25
87.76666666666667
87.76666666666667
154.0888888888889
115.56666666666666
65.83333333333333
52.666666666666664
54.125
67.65625
67.65625
44.074999999999996
44.074999999999996
78.59
78.59
57.80833333333334
57.80833333333334
54.725
54.725
84.82499999999999
84.82499999999999
84.82499999999999
140.7
140.7
87.01666666666667
87.01666666666667
70.175
88.14999999999999
88.14999999999999
110.22000000000001
91.85
96.74999999999999
96.74999999999999
103.55000000000001
103.55000000000001
106.41666666666667
106.41666666666667
53.93333333333333
53.93333333333333
71.0
88.75
51.05833333333333
51.05833333333333
37.177777777777784
55.76666666666667
70.33333333333334
70.33333333333334
80.27499999999999
160.54999999999998
71.63333333333334
71.63333333333334
326.3
163.15
96.30000000000001
96.30000000000001
81.97500000000002
81.97500000000002
82.51666666666667
82.51666666666667
96.76666666666667
96.76666666666667
101.25
101.25
202.5
54.49999999999999
54.49999999999999
71.69999999999999
35.849999999999994
92.73333333333333
92.73333333333333
186.4375
124.29166666666667
186.4375
81.3875
81.3875
165.28750000000002
165.28750000000002
60.758333333333326
91.13749999999999
64.2875
64.2875
96.4
96.4
71.7
35.85
99.60000000000001
99.60000000000001
91.14999999999999
182.29999999999998
370.83333333333337
370.83333333333337
75.3
75.3
75.76666666666665
75.76666666666665
392.2333333333333
392.2333333333333
392.2333333333333
26.55
26.55
70.7
102.05
102.05
105.15
105.15
117.23333333333335
117.23333333333335
61.416666666666664
89.35
89.35
104.96666666666667
104.96666666666667
108.66666666666667
163.0
104.1
104.1
85.49999999999999
56.99999999999999
95.78888888888888
71.84166666666665
92.08
92.08
77.27333333333333
77.27333333333333
37.575
37.575
50.73000000000001
50.73000000000001
80.67333333333333
80.67333333333333
107.525
86.02
109.28333333333333
131.14
134.5
111.63333333333334
83.72500000000001
103.175
103.175
108.52499999999998
144.7
89.03333333333333
133.55
97.89999999999999
48.949999999999996
97.89999999999999
102.4
102.4
96.44999999999999
96.44999999999999
52.0
52.0
100.89999999999999
100.89999999999999
101.30000000000001
101.30000000000001
101.30000000000001
51.449999999999996
100.85000000000002
201.70000000000005
100.29999999999998
558.8
558.8
102.64999999999999
68.43333333333334
101.69999999999999
101.69999999999999
102.49999999999999
108.50000000000001
108.50000000000001
101.1
50.55
103.42500000000001
103.42500000000001
308.125
91.39999999999999
91.39999999999999
70.06666666666666
70.06666666666666
140.13333333333333
45.9875
30.65833333333333
84.5125
84.5125
95.43333333333335
95.43333333333335
80.60000000000001
80.60000000000001
64.36666666666667
64.36666666666667
39.133333333333326
39.133333333333326
39.133333333333326
123.71666666666667
108.39166666666667
108.39166666666667
108.39166666666667
62.86666666666666
62.86666666666666
160.34444444444443
120.25833333333334
66.81875
66.81875
92.54999999999998
92.54999999999998
47.81666666666666
47.81666666666666
142.5666666666667
106.06666666666666
79.55
108.84
90.7
104.45
89.52857142857144
96.36250000000001
96.36250000000001
96.36250000000001
89.6125
89.6125
91.85000000000001
91.85000000000001
114.15714285714284
49.23571428571428
49.23571428571428
87.25238095238096
76.34583333333335
52.978125
52.978125
47.09166666666667
34.762499999999996
34.762499999999996
21.555555555555554
21.555555555555554
32.62222222222222
32.62222222222222
21.918518518518518
24.65833333333333
20.279166666666665
20.279166666666665
46.05625
46.05625
27.08571428571428
23.699999999999996
49.857142857142854
58.166666666666664
43.05555555555555
43.05555555555555
87.98333333333333
87.98333333333333
88.77222222222224
106.52666666666669
55.95833333333334
55.95833333333334
92.04444444444444
92.04444444444444
44.97857142857143
52.474999999999994
53.99285714285714
53.99285714285714
57.590476190476195
50.391666666666666
57.85
57.85
23.90416666666667
21.24814814814815
23.014814814814816
23.014814814814816
83.57777777777777
94.025
108.42857142857143
108.42857142857143
87.49285714285713
87.49285714285713
58.8
58.8
37.6125
37.6125
39.790625
39.790625
30.849999999999994
30.849999999999994
98.66250000000001
87.70000000000002
74.64
45.89
45.89
50.988888888888894
59.075
52.511111111111106
77.64444444444443
77.64444444444443
44.26666666666667
49.800000000000004
50.08888888888888
50.08888888888888
59.044444444444444
59.044444444444444
63.731249999999996
63.731249999999996
54.41481481481482
54.41481481481482
50.72777777777778
50.72777777777778
55.3875
63.3
56.0875
56.0875
56.0875
59.306250000000006
59.306250000000006
1.461111111111111
1.461111111111111
69.99166666666666
69.99166666666666
25.922222222222217
29.162499999999998
27.85833333333333
27.85833333333333
82.99375
73.77222222222221
83.43888888888888
83.43888888888888
1.1444444444444444
1.03
81.245
90.27222222222223
51.02777777777777
45.925
47.339999999999996
47.339999999999996
72.69
80.76666666666667
85.86111111111111
85.86111111111111
81.15555555555557
91.3
92.44999999999999
105.65714285714284
92.56249999999999
0.8111111111111111
0.8111111111111111
1.2625000000000002
1.442857142857143
101.92857142857142
108.74999999999999
108.74999999999999
86.3375
86.3375
100.92857142857143
100.92857142857143
73.9
73.9
50.227777777777774
50.227777777777774
39.69444444444444
39.69444444444444
93.05925925925925
37.00416666666667
37.00416666666667
49.831250000000004
49.831250000000004
44.45625
44.45625
44.45625
95.4625
95.4625
88.03750000000001
88.03750000000001
71.875
82.14285714285714
86.49523809523808
86.49523809523808
50.80476190476191
50.80476190476191
92.53750000000001
92.53750000000001
7.371428571428572
7.371428571428572
89.90714285714286
117.79285714285714
137.425
84.1
84.1
2.0
2.0
62.541666666666664
62.541666666666664
41.114999999999995
41.114999999999995
71.41666666666666
71.41666666666666
57.475
68.97
86.2125
84.36
91.32
76.1
104.21428571428572
91.1875
77.60000000000001
88.68571428571428
73.76666666666665
73.76666666666665
78.38
78.38
107.4
107.4
101.47999999999999
101.47999999999999
106.77499999999999
106.77499999999999
85.42
74.58333333333333
74.58333333333333
58.75555555555556
58.75555555555556
78.45833333333334
78.45833333333334
112.9
112.9
106.71666666666665
106.71666666666665
67.31428571428572
83.76666666666668
83.76666666666668
107.78333333333335
107.78333333333335
32.7
117.21999999999998
117.21999999999998
1.31
1.31
63.81249999999999
1.28
1.28
109.83333333333334
109.83333333333334
109.83333333333334
59.510000000000005
59.510000000000005
40.39333333333334
77.79333333333334
77.79333333333334
63.57333333333332
52.97777777777778
1.4500000000000002
1.2428571428571429
1.4500000000000002
131.66
109.4
109.4
82.33
102.91250000000001
87.20833333333333
116.27777777777777
68.91666666666666
68.91666666666666
91.88888888888887
76.83333333333333
76.83333333333333
77.225
102.96666666666667
156.4
104.26666666666667
160.35
160.35
98.775
79.45
158.9
158.9
94.6
94.6
138.0
138.0
82.44999999999999
41.224999999999994
70.075
46.71666666666667
58.8111111111111
88.21666666666665
86.46666666666667
86.46666666666667
53.42499999999999
53.42499999999999
68.02222222222221
68.02222222222221
54.966666666666676
97.28333333333335
97.28333333333335
128.11666666666665
128.11666666666665
95.78333333333333
191.56666666666666
88.9
88.9
102.0
102.0
393.00000000000006
393.00000000000006
101.47499999999998
101.47499999999998
186.42499999999998
186.42499999999998
100.74999999999999
100.74999999999999
201.49999999999997
93.025
93.025
76.425
76.425
92.05
101.2
50.6
101.50000000000001
101.50000000000001
101.50000000000001
74.13333333333333
37.06666666666666
59.375
89.0625
143.07500000000002
143.07500000000002
64.6625
64.6625
170.9875
170.9875
92.65
92.65
178.53333333333333
178.53333333333333
68.38333333333334
68.38333333333334
66.17777777777778
66.17777777777778
89.61666666666666
59.74444444444445
42.800000000000004
42.800000000000004
46.758333333333326
46.758333333333326
121.85000000000001
121.85000000000001
97.48
54.60416666666668
46.80357142857143
50.817857142857136
50.817857142857136
36.954166666666666
36.954166666666666
41.90555555555555
41.90555555555555
45.449999999999996
39.76875
42.806250000000006
48.92142857142858
58.033333333333346
58.033333333333346
124.55000000000001
106.75714285714287
103.4
0.8714285714285714
0.8714285714285714
96.7125
96.7125
56.99166666666666
56.99166666666666
44.23333333333333
44.23333333333333
90.7625
90.7625
89.71249999999999
64.76666666666667
72.8625
85.38125000000001
91.525
81.35555555555555
73.22
73.86
73.86
80.705
80.705
37.905
37.905
85.88888888888889
85.88888888888889
61.077777777777776
61.077777777777776
33.94
33.94
39.754999999999995
39.754999999999995
39.754999999999995
58.489999999999995
64.9888888888889
29.454166666666666
29.454166666666666
50.99285714285714
50.99285714285714
53.528571428571425
53.528571428571425
77.52142857142857
77.52142857142857
79.4625
79.4625
73.57222222222222
35.964999999999996
35.964999999999996
48.90833333333333
39.126666666666665
54.273333333333326
54.273333333333326
30.808333333333334
26.40714285714286
26.075000000000003
26.075000000000003
41.833333333333336
41.833333333333336
41.833333333333336
52.28571428571429
52.28571428571429
104.37142857142858
104.37142857142858
89.11428571428571
66.34285714285714
77.39999999999999
109.68333333333334
109.68333333333334
128.3
128.3
153.96
109.3
136.625
91.45
91.45
92.525
92.525
120.81666666666666
120.81666666666666
84.67
84.67
104.47
104.47
107.96
89.96666666666667
102.35714285714286
119.41666666666669
20.816666666666666
24.98
110.68
138.35000000000002
111.19999999999999
105.175
84.14
6.819999999999999
5.683333333333334
78.78333333333333
78.78333333333333
77.48333333333333
77.48333333333333
102.08333333333333
102.08333333333333
77.17777777777778
92.61333333333333
92.61333333333333
63.879999999999995
63.879999999999995
63.879999999999995
58.184999999999995
58.184999999999995
