98.53
74.12
94.195
69.09
38.175
32.955
80.1
74.85
39.79
35.83
44.6
40.25
32.375
30.29
45.32999999999999
27.496666666666666
29.383333333333336
38.13333333333333
16.14
31.3825
13.525
12.0725
18.923333333333336
37.285
75.63
74.19
51.22
48.415000000000006
72.25999999999999
39.755
67.39
32.275
32.64
32.22
41.36
27.665
28.89
40.17666666666667
19.7125
34.349999999999994
26.235
35.21
52.980000000000004
17.175
71.2
84.745
64.84666666666666
67.6325
47.39333333333334
30.236666666666668
33.66
18.383333333333333
51.45666666666667
39.92999999999999
20.029999999999998
51.47666666666667
29.37
36.96
52.34666666666667
21.85
40.9075
27.89
21.6425
24.549999999999997
43.25
37.54
49.300000000000004
0.78
61.74666666666667
52.14333333333334
58.315
53.69666666666666
37.805
77.12
53.50333333333333
34.45333333333333
34.945
31.185
74.05
75.34
65.005
41.485
67.85
45.5
54.87
43.53
57.026666666666664
36.835
28.75666666666667
44.2875
23.335
20.153333333333332
28.516666666666666
23.00666666666667
41.49
41.44
30.9325
31.47666666666667
34.705
54.0775
15.729999999999999
32.11333333333334
38.157500000000006
18.48
21.619999999999997
72.98
66.44
74.905
43.695
34.11
45.65
59.73
70.34
70.2
51.97
70.47
45.93
36.29666666666667
44.790000000000006
20.59
22.552500000000002
31.410000000000004
15.77
24.290000000000003
42.015
34.945
75.57
9.85
53.315
25.67
75.04
52.085
38.61
38.76
58.63
35.04333333333333
25.365000000000002
29.560000000000002
21.91333333333333
37.88999999999999
34.07
31.439999999999998
30.79
72.18
72.44
69.27
71.53999999999999
72.23
76.15
70.77000000000001
59.15
74.67
75.75
69.68
55.11333333333332
13.6625
21.4975
30.080000000000002
18.7325
19.169999999999998
38.4375
21.7
30.4875
27.066666666666666
24.692500000000003
18.165
21.413333333333338
19.176666666666666
19.496666666666666
17.23
8.523333333333333
31.0025
6.5425
20.063333333333333
11.773333333333333
17.165
20.83
68.195
21.51
66.41499999999999
31.59
40.4
31.0
32.38
21.71
10.0
20.22
18.880000000000003
10.16
31.38
40.1
37.01
44.19
64.02
24.373333333333335
28.536666666666665
29.52
26.134999999999998
18.993333333333336
20.246666666666666
19.564999999999998
19.3075
21.2375
20.265
18.663333333333334
28.875
26.33
46.22666666666667
26.333333333333332
27.0625
17.63
39.295
23.123333333333335
21.89
33.93
42.21
26.105
28.07
35.26
55.11
58.05
62.13
63.85
32.36
35.5
15.317499999999999
11.153333333333334
14.066666666666668
16.055
7.163333333333334
32.63
9.63
8.197500000000002
16.503333333333334
29.03
20.25
5.449999999999999
7.169999999999999
18.546666666666667
37.2875
16.2775
33.057500000000005
18.2275
12.8575
9.64
7.17
19.92
18.23
37.083333333333336
7.53
7.576666666666665
39.22333333333333
5.3100000000000005
21.21
20.41
21.03
23.44666666666667
18.425
26.805
31.490000000000002
32.6
20.82
17.099999999999998
28.736666666666665
46.04
38.63666666666666
18.7875
25.365000000000002
40.336666666666666
43.01
65.57
53.8
33.49
41.269999999999996
43.41
26.71
9.79
10.24
9.645
5.2
10.09
10.13
10.29
20.17
10.03
55.88
20.53
20.34
10.25
10.850000000000001
10.11
20.685000000000002
61.625
18.279999999999998
14.013333333333334
9.1975
16.9025
19.08666666666667
16.12
19.310000000000002
11.739999999999998
37.115
32.5175
18.86
48.10333333333333
26.727499999999996
37.019999999999996
19.126666666666665
42.77
31.82
54.42
62.67
77.09
71.69
73.48
79.91
34.464999999999996
61.076666666666675
42.3825
27.81
19.4
29.36
19.726666666666667
16.223333333333333
36.845
18.959999999999997
34.9
25.833333333333332
52.79
53.26333333333334
33.575
55.22666666666667
31.485
37.795
40.31333333333333
46.28
19.123333333333335
20.713333333333335
75.22
75.9
61.245
47.04
30.09
31.8325
24.679999999999996
78.93
74.64
45.89
47.26
69.88
39.84
45.08
53.14
50.985
48.973333333333336
45.655
44.31
44.87
47.445
1.315
62.9925
23.33
22.286666666666665
66.395
75.095
1.03
81.245
45.925
47.339999999999996
72.69
77.275
73.04
73.96
74.05
0.73
1.01
71.35
76.125
69.07000000000001
70.65
59.12
45.205
35.725
83.75333333333333
29.603333333333335
39.865
35.565
76.37
70.43
57.5
60.54666666666666
35.56333333333333
74.03
5.16
62.935
82.455
50.46
1.2
37.525
20.557499999999997
42.849999999999994
34.485
42.18
45.66
72.95
62.08
44.26
39.19
64.44
50.739999999999995
42.71
44.75
35.25333333333334
47.075
67.74
64.03
47.12
50.260000000000005
64.67
16.35
58.61
0.655
25.525
0.64
54.916666666666664
29.755000000000003
20.19666666666667
38.89666666666667
31.786666666666665
0.87
65.83
54.7
41.165
34.88333333333333
27.566666666666663
23.05
30.89
31.28
32.07
19.755000000000003
15.89
9.459999999999999
13.8
8.245
14.015
17.64333333333333
17.293333333333333
10.684999999999999
20.406666666666666
16.490000000000002
29.185000000000002
25.62333333333333
19.156666666666666
8.89
10.2
39.300000000000004
10.147499999999999
18.6425
20.15
9.3025
7.6425
9.205
10.12
10.15
7.413333333333333
17.8125
14.307500000000001
12.932500000000001
34.197500000000005
18.53
35.70666666666667
13.676666666666668
19.853333333333335
17.923333333333332
17.12
18.70333333333333
48.74
32.7625
35.5725
22.1725
25.14333333333333
31.814999999999998
34.245000000000005
40.62333333333334
74.73
72.38
0.61
77.37
45.593333333333334
35.38666666666666
72.61
71.77
58.29
68.305
73.22
73.86
80.705
37.905
77.3
54.97
33.94
39.754999999999995
58.49
23.563333333333333
35.695
37.47
54.265
47.6775
44.14333333333334
17.982499999999998
19.563333333333333
27.136666666666667
18.485
18.2525
29.283333333333335
36.6
73.06
62.38
46.44
65.81
76.98
54.65
36.58
37.010000000000005
48.32666666666666
42.335
52.235
53.98
71.65
12.49
55.34
44.48
42.07
3.41
47.27
46.49
61.25
46.306666666666665
31.939999999999998
29.0925
21.7025
19.886666666666667
21.283333333333335
18.816666666666666
26.33
26.69333333333333
26.709999999999997
24.596666666666664
28.583333333333332
25.069999999999997
26.16333333333333
24.286666666666665
25.61
21.076666666666664
25.99666666666667
28.373333333333335
23.51
22.960000000000004
23.89
25.143333333333334
21.346666666666664
25.42
20.593333333333334
26.613333333333333
26.076666666666668
24.87
24.513333333333332
25.51
25.36666666666667
25.540000000000003
25.700000000000003
25.80333333333333
23.810000000000002
25.790000000000003
25.36
25.173333333333332
22.44666666666667
25.743333333333336
25.409999999999997
24.599999999999998
26.429999999999996
25.2
24.783333333333335
23.61
26.263333333333332
25.94
25.88
24.383333333333336
25.986666666666668
24.450000000000003
24.34
22.296666666666667
26.413333333333338
20.386666666666667
24.560000000000002
25.133333333333336
26.173333333333332
25.22666666666667
24.206666666666663
24.116666666666664
23.13333333333333
24.236666666666665
24.8
23.599999999999998
23.94333333333334
24.463333333333335
25.236666666666668
24.439999999999998
25.356666666666666
22.916666666666668
26.816666666666666
24.986666666666665
26.0
25.02333333333333
25.599999999999998
24.536666666666665
24.959999999999997
25.50333333333333
23.600000000000005
26.52333333333333
24.396666666666665
23.97
24.736666666666668
26.166666666666668
25.30666666666667
25.326666666666664
24.12
23.346666666666664
25.69666666666667
26.08666666666667
24.876666666666665
24.333333333333332
28.29666666666667
26.276666666666667
25.606666666666666
25.573333333333334
25.566666666666666
25.38
27.223333333333333
23.50333333333333
24.706666666666663
24.986666666666668
25.003333333333334
25.73
28.253333333333334
24.116666666666664
26.676666666666666
23.403333333333336
25.16333333333333
26.060000000000002
20.936666666666667
27.116666666666664
25.776666666666667
27.223333333333333
25.206666666666667
24.75
26.286666666666665
24.650000000000002
25.2
24.849999999999998
27.346666666666668
26.043333333333333
27.786666666666665
24.62
28.72
22.48
24.73
24.55333333333333
25.843333333333334
25.723333333333333
26.88333333333333
24.00666666666667
24.146666666666665
26.573333333333334
23.516666666666666
26.316666666666666
27.356666666666666
23.863333333333333
16.863333333333333
24.849999999999998
22.133333333333336
26.223333333333333
25.30333333333333
24.593333333333334
22.573333333333334
27.673333333333332
24.526666666666667
29.066666666666666
28.210000000000004
25.476666666666663
24.46666666666667
24.05
23.27333333333333
24.959999999999997
23.27
22.113333333333333
25.073333333333334
25.78333333333333
25.36
25.50333333333333
23.24666666666667
25.37333333333333
24.256666666666664
25.02
22.62
24.400000000000002
22.169999999999998
22.91
24.386666666666667
25.456666666666667
24.66333333333333
25.72666666666667
24.376666666666665
24.72666666666667
25.55
26.653333333333336
23.3
23.97333333333333
25.393333333333334
26.77
26.47666666666667
24.95
23.953333333333333
24.933333333333334
26.11
21.486666666666668
24.523333333333337
24.163333333333338
26.27
27.080000000000002
25.97666666666667
24.186666666666667
25.786666666666665
25.810000000000002
26.183333333333334
26.150000000000002
27.09
27.246666666666666
20.84
24.136666666666667
25.05
26.069999999999997
21.866666666666664
24.473333333333333
25.439999999999998
28.05
25.349999999999998
26.25666666666667
25.38
24.843333333333334
25.166666666666668
25.38
26.263333333333335
23.939999999999998
26.396666666666665
25.570000000000004
23.816666666666666
24.290000000000003
25.923333333333332
24.439999999999998
24.986666666666668
24.583333333333332
23.900000000000002
21.78333333333333
25.64
19.153333333333332
23.683333333333334
26.24333333333333
26.336666666666662
23.319999999999997
24.026666666666667
24.083333333333332
25.433333333333334
24.933333333333337
25.49666666666667
25.040000000000003
27.083333333333332
24.8
26.683333333333334
27.513333333333335
25.596666666666664
25.52333333333333
23.679999999999996
25.036666666666665
24.246666666666666
22.76
24.62
26.24
24.38
26.573333333333334
24.473333333333333
23.313333333333333
25.97666666666667
26.263333333333335
22.05
24.99333333333333
24.17
26.656666666666666
26.679999999999996
25.97666666666667
25.866666666666664
24.66
25.45
24.78
26.149999999999995
25.406666666666666
23.77
26.080000000000002
25.153333333333336
26.083333333333332
24.363333333333333
25.323333333333334
25.56
25.036666666666665
26.133333333333336
25.386666666666667
26.083333333333332
24.293333333333333
23.849999999999998
26.36
24.183333333333334
23.873333333333335
23.846666666666664
25.159999999999997
26.206666666666667
23.3
25.139999999999997
24.36
24.646666666666665
24.666666666666668
24.403333333333332
19.386666666666667
15.873333333333335
25.209999999999997
27.226666666666663
25.599999999999998
24.463333333333335
23.133333333333336
25.323333333333334
27.63
27.01
26.736666666666665
24.886666666666667
26.05
24.566666666666666
28.223333333333333
25.016666666666666
25.183333333333337
25.53
23.669999999999998
25.473333333333333
26.486666666666668
22.01
26.346666666666664
24.840000000000003
23.186666666666667
25.669999999999998
26.06
25.330000000000002
24.930000000000003
25.290000000000003
27.066666666666663
25.653333333333336
23.87
17.82
20.213333333333335
25.813333333333333
26.55333333333333
25.396666666666665
27.713333333333335
24.046666666666667
25.01
24.05333333333333
25.209999999999997
25.570000000000004
24.47666666666667
26.046666666666667
26.613333333333333
23.296666666666667
25.360000000000003
26.02
27.313333333333333
25.456666666666667
21.603333333333335
25.959999999999997
24.77
24.33
24.24
23.52
24.223333333333333
24.77333333333333
26.77666666666667
26.38
23.30333333333333
25.036666666666665
26.456666666666667
25.0
25.88
24.673333333333332
23.69
25.096666666666668
24.34
25.636666666666667
25.88
23.03
27.016666666666666
23.566666666666666
24.826666666666668
21.16333333333333
27.459999999999997
21.71666666666667
21.95
26.569999999999997
25.613333333333333
25.13
24.919999999999998
27.930000000000003
26.41
26.28
24.893333333333334
29.02
22.78
24.01
25.46666666666667
24.80666666666666
27.930000000000003
27.933333333333337
26.843333333333334
25.793333333333333
26.546666666666667
27.679999999999996
24.040000000000003
26.52
25.116666666666664
27.180000000000003
23.439999999999998
23.736666666666665
24.47666666666667
24.776666666666667
24.593333333333334
26.959999999999997
25.166666666666668
24.680000000000003
24.713333333333335
25.973333333333333
26.01
20.796666666666667
24.419999999999998
25.330000000000002
24.320000000000004
24.709999999999997
25.143333333333334
24.323333333333334
24.34
29.12333333333333
27.02333333333333
27.669999999999998
23.689999999999998
23.76
29.966666666666665
28.17
24.323333333333334
25.326666666666668
25.48
24.02333333333333
22.21666666666667
24.823333333333334
25.22666666666667
23.626666666666665
25.513333333333335
25.126666666666665
25.38
24.713333333333335
25.736666666666665
24.006666666666664
21.653333333333332
23.233333333333334
8.363333333333333
26.376666666666665
25.536666666666665
24.546666666666667
25.77666666666667
23.933333333333337
26.513333333333335
23.993333333333336
23.906666666666666
24.676666666666666
20.830000000000002
26.08666666666667
24.709999999999997
24.429999999999996
26.236666666666665
26.536666666666665
25.333333333333332
25.27
25.376666666666665
27.2
24.756666666666664
21.526666666666667
23.576666666666668
26.25333333333333
25.386666666666667
27.246666666666666
23.723333333333333
27.77333333333333
24.03333333333333
23.113333333333333
24.936666666666667
24.51666666666667
28.75
25.113333333333333
25.73
26.363333333333333
26.599999999999998
26.599999999999998
22.643333333333334
23.12666666666667
25.36
22.689999999999998
26.516666666666666
25.47666666666667
25.51
23.810000000000002
24.363333333333333
24.649999999999995
18.37
27.19333333333333
27.05666666666667
25.650000000000002
21.536666666666665
23.986666666666665
24.906666666666666
25.953333333333333
25.66333333333333
27.046666666666667
25.459999999999997
25.156666666666666
26.613333333333333
23.83
24.683333333333337
23.916666666666668
27.44666666666667
24.78
24.136666666666667
27.42
25.046666666666667
25.040000000000003
24.41333333333333
27.133333333333336
19.473333333333333
25.209999999999997
24.686666666666667
25.25
23.49
24.05
25.513333333333332
24.993333333333336
25.456666666666667
25.586666666666662
26.2
25.650000000000002
23.80333333333333
26.49333333333333
24.19666666666667
24.156666666666666
22.763333333333335
24.33666666666667
24.320000000000004
26.356666666666666
25.103333333333335
26.319999999999997
22.89
22.909999999999997
26.62
26.27
25.756666666666664
25.71666666666667
25.2
24.623333333333335
28.53333333333333
