50.0
13.2113
113.9142
13.6634
24.672
95.9948
8.3221
8.3634
10.0099
32.3362
64.0369
36.3966
24.723
27.5087
6.0843
20.2884
79.3765
84.7664
39.8413
101.8813
25.0786
52.5853
20.6948
21.3677
9.6699
20.9791
28.9852
22.4622
11.3178
28.6066
7.0437
14.3399
8.1092
35.3784
19.8791
18.7577
7.3577
8.095
6.7714
9.9695
9.4583
20.5814
8.2712
16.1501
20.3387
19.1348
48.5646
33.4798
28.6562
22.1662
5.2339
10.9029
18.3881
12.3407
8.1535
8.5506
23.6959
34.1983
31.854
7.2081
19.959
65.624
10.4636
8.7155
8.3429
62.2257
26.5319
8.2527
11.2534
9.0177
8.9235
8.9603
7.2288
50.6345
21.3719
10.382
7.9701
20.2806
66.9298
22.6365
22.1607
8.6006
7.0165
8.597
69.0604
27.0728
24.5106
35.4927
4.9158
19.6264
6.0343
18.4836
7.4902
13.6432
8.0114
7.4611
20.0307
21.2207
32.4794
10.2553
9.6293
9.3581
21.4858
38.4496
18.8557
21.0516
146.4879
57.8562
27.7759
8.5196
35.1037
19.4249
25.863
36.6176
20.5017
15.9309
9.5689
22.6061
7.9785
41.661
25.3265
20.8205
45.5138
9.2911
7.3672
17.5388
21.3184
19.3089
25.7253
37.1736
19.836
28.5808
37.1509
5.7322
26.1226
6.0309
8.2991
6.8629
7.3168
7.4711
31.0165
6.1872
8.1434
40.7503
21.334
27.0777
8.8134
6.0723
15.0821
28.8406
8.3884
7.1998
37.5264
6.7262
29.9156
32.8298
29.934
6.4647
20.781
45.5875
8.5076
21.818
84.9445
83.8349
101.6871
87.6648
92.627
39.4202
106.6344
60.7468
67.0009
97.0514
10.9615
14.8072
10.5725
20.5626
31.1833
10.2322
8.4734
17.6853
8.2663
8.6657
8.7971
9.0453
26.3943
8.1615
6.6806
8.8307
106.8286
22.0979
8.3134
11.9214
9.5105
9.5004
9.7769
23.0901
36.5025
32.8996
12.3768
52.728
15.4349
21.486
38.0334
28.2938
19.3154
32.0283
22.2002
31.3087
26.0033
22.3415
54.304
65.6504
32.0304
6.2818
10.5852
36.0326
8.8324
32.9439
87.5777
29.8963
13.4062
31.5644
32.0376
30.1222
45.1645
33.4963
37.4695
34.0882
56.8233
28.6824
9.3036
20.7957
22.8755
17.3457
23.0529
40.815
8.5209
14.8289
7.8823
8.8727
74.0688
15.1189
52.186
22.7342
6.9966
8.0789
29.8498
20.8313
41.3054
36.5444
28.0527
57.757
9.2052
52.0763
45.1143
27.5386
9.9469
18.799
41.2547
59.5174
69.777
26.3903
6.7498
110.9145
21.0585
8.9582
70.5326
7.2725
8.6115
66.6719
9.7465
65.1887
35.0542
60.4702
39.7958
21.5501
7.9829
12.9183
46.2423
35.6637
32.2019
10.5099
6.2285
63.7657
34.0559
35.6757
36.6815
35.7215
43.0614
57.9665
5.7157
32.1182
28.2865
52.0536
40.5537
35.2934
6.2886
32.2372
6.706
18.8197
29.3387
30.4679
31.953
25.3395
33.4523
11.7741
18.4047
6.7153
9.9684
21.5326
8.1217
57.6325
14.6098
20.3874
7.6523
8.6941
12.33
40.988
7.665
8.4466
35.3175
15.0355
20.9375
7.8312
21.9676
7.0988
18.1552
32.2292
39.6578
28.3334
7.7864
18.9064
19.2802
83.5471
18.8523
225.3292
114.7518
19.42
52.4591
19.192
93.7077
19.0979
80.4838
31.4989
40.6365
107.7243
60.6687
79.5847
31.9027
22.419
75.2104
29.5399
23.3481
193.9634
160.1736
8.3094
97.6628
142.4861
122.2677
6.1924
84.4598
101.7014
22.6019
123.0729
100.8382
99.5428
6.0326
78.6826
144.1223
21.6753
85.929
9.5283
70.4873
71.319
66.762
42.2432
97.9006
388.0058
166.6413
150.8433
96.442
26.9197
31.8266
9.3817
117.1627
89.5869
5.036
12.2257
6.1725
7.8628
9.8702
8.5254
28.9696
8.9166
8.2802
8.4873
5.9787
8.1141
7.9659
9.1465
7.9675
5.4754
14.259
10.9635
9.3362
42.6811
8.7913
47.2173
8.8862
22.7621
7.3703
51.1626
48.2845
20.4811
19.7789
23.2711
65.4644
20.2518
62.0817
10.9444
19.7997
20.177
8.285
81.0912
19.3865
19.6338
34.4057
16.2426
16.0663
21.8875
7.3002
88.0851
26.6858
146.9967
76.6174
20.4537
29.7524
20.4242
28.7374
63.9002
133.4084
57.0869
27.6601
27.4847
41.5107
69.9085
47.0939
69.1931
5.5502
5.315
17.3953
22.7286
19.1625
22.873
19.9713
76.4706
73.0769
17.4421
14.6871
9.3473
8.4298
8.5254
25.2918
10.8112
46.8753
8.2698
20.667
9.1032
81.1276
7.0251
8.9885
155.5857
7.2586
233.3413
172.0852
459.8878
290.856
70.0734
98.5497
53.867
5.8083
64.8953
59.2266
11.1264
58.5086
10.5431
25.6793
8.8751
22.5971
7.2787
20.1355
45.9461
33.1591
37.7418
8.155
13.4871
69.4128
20.7372
9.6598
10.2643
9.2767
32.4952
10.3724
7.0409
39.5765
11.0788
7.1979
7.9929
11.965
8.1413
7.8031
157.1129
144.81
244.934
211.3287
117.028
5.5966
134.2055
145.9216
9.9949
179.7839
5.7685
45.9587
205.3872
104.5553
181.609
6.6967
8.0122
21.34
9.912
20.4077
20.723
8.8788
13.1045
7.0875
7.5789
55.6539
6.9919
9.8031
42.8062
9.3617
66.8161
60.9495
42.9842
64.3945
31.952
56.5824
89.4977
144.2077
7.2522
54.8805
137.1248
138.009
67.6214
5.2409
77.9772
24.1029
88.2737
91.9449
66.156
262.9193
59.0907
331.0188
19.1728
262.8057
209.683
503.7558
8.8834
455.307
43.0866
106.6132
263.3777
304.5336
7.1759
380.432
102.8733
168.2882
153.4588
196.1153
263.1504
71.9045
261.2456
414.6719
145.2899
43.8249
36.2444
612.8181
80.8368
20.5153
30.1642
63.213
150.4622
64.0126
74.1793
5.6913
8.7248
23.7887
7.141
41.3815
11.4401
9.2968
8.8324
13.437
8.0058
27.7755
8.6664
6.8548
9.5588
9.0325
7.9643
10.3315
63.5992
7.6044
9.5461
8.6753
69.79
8.9408
7.7552
30.1524
117.7901
255.1663
102.6493
57.4086
33.9641
80.325
40.9953
69.7917
33.4118
30.1844
40.2888
48.4096
35.4123
5.5078
9.8914
65.8615
4.1893
7.7652
20.707
15.5493
17.4233
15.0021
7.8819
8.9364
9.4487
12.3738
8.2318
31.568
21.421
11.7451
8.923
5.73
9.2656
44.856
24.2658
8.074
6.9858
30.8197
21.4112
30.0178
30.9082
91.1352
23.9391
11.2695
42.708
4.283
14.2149
11.1998
32.0777
33.1878
21.6929
21.9229
7.4542
25.4832
6.3371
21.883
8.2036
9.2915
40.19
22.7022
56.0084
49.3495
31.0494
6.8155
10.7886
31.4483
18.6136
10.9165
7.2221
6.6014
5.4808
7.2942
28.138
34.5784
36.9315
44.1592
65.272
61.698
82.366
27.5716
33.2693
78.2424
35.2349
49.4013
35.7274
59.3989
46.6601
54.4265
18.9762
5.8539
13.8374
7.7743
12.2351
25.3241
8.4572
57.955
63.8947
54.2149
62.2605
7.083
12.8386
10.3151
8.8613
8.2643
5.0076
6.4614
9.117
44.8495
10.8087
62.3172
58.5993
28.8073
44.3026
21.0369
27.2377
31.8614
127.5756
6.6976
10.888
8.1864
9.0343
32.2084
32.6886
27.4099
29.1202
7.0873
28.0103
34.6956
55.6938
27.2515
57.9172
28.1317
34.8904
70.3713
63.5056
22.7731
49.9688
4.8303
44.2738
29.5705
28.4325
31.7086
5.5243
16.6611
9.0822
24.5858
28.4979
33.1661
5.5266
7.5462
59.6759
12.6408
5.8893
7.6162
38.9252
31.3968
42.7604
37.9627
4.8408
31.0438
52.7805
10.9796
19.1689
27.2327
10.1129
48.9224
35.5
23.6767
46.0647
39.7242
14.909
27.1587
5.7362
24.8256
9.088
63.4917
31.7576
30.4908
6.4209
15.3476
11.0076
7.1556
9.929
21.5433
45.7338
22.0394
25.3272
76.6803
78.021
29.8886
32.7338
43.7693
29.1568
59.0055
71.5855
37.1462
43.0441
39.0454
38.5588
5.5154
36.7696
76.5657
35.8407
11.4742
20.3211
99.1519
29.9748
12.5021
8.4262
20.0518
50.1984
30.6849
31.7371
79.5835
56.3908
23.3441
13.4777
32.1231
133.6375
21.8745
22.6849
6.241
18.2854
42.6303
9.0447
26.0377
27.9413
65.0013
31.7446
9.1023
9.3396
55.9121
7.8952
8.8559
7.6326
7.9977
8.6238
3010.4746
24.1361
46.6308
85.4403
33.9126
67.8582
34.6754
6.4723
47.3873
51.5318
10.4602
11.9577
31.6994
10.1644
95.5113
117.6143
83.4147
32.5118
102.8607
52.091
70.8495
23.7037
78.1828
15.8594
103.5754
8.865
81.593
19.9384
15.6213
20.7888
89.7892
8.9879
22.5762
10.7018
80.6326
8.4607
8.4182
49.1495
23.22
10.3565
22.0628
82.0704
121.2977
24.3265
62.4842
43.1547
128.6062
60.1549
25.0345
104.6142
547.4562
648.902
15.1484
6.9497
542.4701
198.9067
80.8334
75.1015
128.454
29.2213
152.3068
72.1398
45.7562
10.3474
8.2182
119.5474
248.1399
404.1966
220.6183
392.6727
377.9328
437.8665
25.912
10.9055
65.2777
20.8417
77.9898
306.8154
11.7777
9.4549
39.4597
73.1367
11.4988
15.5156
10.6258
7.3597
34.4703
71.7024
10.5803
7.6282
7.5062
8.0502
14.0892
8.1808
20.7454
21.3149
6.2097
8.8317
19.83
25.0531
12.1583
22.2326
9.6805
7.4458
30.5406
20.6756
27.5623
33.491
18.7971
20.8889
24.0386
23.0693
45.1521
45.7457
70.4086
6.349
40.5689
72.1123
34.7537
8.0345
7.6522
11.9002
29.8557
14.1907
29.3387
29.8092
55.6859
52.6275
37.4063
5.2124
32.2132
78.8082
15.2521
26.9003
45.2101
32.7469
16.6742
24.567
38.1274
35.2155
39.5104
7.62
36.0691
22.3574
33.8247
78.7526
5.7196
48.0767
29.2594
12.8288
10.4721
32.4993
7.4317
9.891
26.9053
7.1963
6.6109
20.8534
8.3862
39.6674
16.5926
33.7518
7.6477
13.6762
8.9858
9.6297
8.9419
27.497
8.3479
10.737
23.1214
6.318
23.0176
24.3714
48.3969
29.835
30.1109
27.1476
27.9653
63.2359
59.165
47.7932
81.0758
5.088
32.7019
73.5605
10.131
26.6312
67.6678
41.3961
92.0771
4.4001
36.6347
22.432
10.2799
6.5452
34.4851
71.509
110.0832
60.0678
23.4465
53.9993
51.0448
54.7682
76.6442
58.202
37.6436
88.174
31.3722
28.9773
40.2961
11.7064
42.36
46.3993
9.5482
31.1634
7.5589
6.5937
8.6954
6.997
6.2384
9.5686
12.2806
8.7238
16.8753
