56.7358
11.5477
11.289
11.5058
9.5352
9.6011
10.0308
9.3566
9.5653
12.2136
11.231
17.7237
9.4441
10.3856
11.306
11.1441
10.8642
10.2323
11.0453
10.559
9.9924
12.4448
9.5817
9.9004
10.3586
7.8777
10.4664
10.2073
10.3409
10.7328
15.7757
10.9024
11.6212
11.3011
10.6339
11.2009
10.7662
10.412
11.1742
9.7155
10.5449
10.2732
10.8896
11.2586
11.6016
11.0569
17.4378
11.1234
11.9893
8.775
10.2498
11.5433
10.8472
10.6874
12.524
9.3961
9.0407
10.6124
9.1351
9.4575
15.3735
16.4302
9.6401
14.2578
10.7807
10.4516
10.1339
10.9654
9.2287
10.9931
10.6473
11.361
9.8153
9.9916
11.1889
19.5667
11.0599
9.925
10.831
8.7713
9.8624
8.4347
5.7907
8.8437
9.9617
9.7262
10.557
10.4737
11.4532
10.7218
10.374
12.3453
11.525
10.7101
9.9576
24.1238
11.3975
10.2533
10.7094
13.9529
11.9711
11.563
8.377
12.8568
10.4557
22.1389
9.206
9.4822
9.0983
9.7824
9.8285
9.0053
10.2404
8.2176
9.9824
14.8164
11.9358
8.86
11.1715
10.603
11.3115
10.3919
11.2946
10.4607
10.1177
15.3721
10.4237
11.0952
10.6769
11.2517
11.2001
11.8239
9.8364
10.5807
11.6736
11.3392
19.1191
10.3799
10.8282
10.7614
7.9651
9.7805
13.9201
9.3297
10.4672
10.6847
11.7726
10.5687
10.2528
9.6535
9.2887
9.5411
10.5657
10.1672
9.9193
10.9469
9.242
9.2759
10.9667
10.0859
9.14
9.8262
6.8077
9.9373
10.7917
10.3895
11.5344
12.4249
18.0615
10.8583
9.5785
8.7424
11.4071
10.4186
10.9843
10.7674
10.2156
11.2579
10.5553
9.9788
11.8288
10.6062
12.4324
10.3376
9.9571
10.1723
10.819
10.0078
10.0304
11.2279
9.3273
18.9864
10.6762
9.7747
10.6589
9.9536
9.6867
19.222
11.1232
10.2338
10.5331
11.5723
9.7279
9.6
9.2002
10.7286
9.5587
9.1014
10.2643
9.9169
10.2659
10.345
9.4469
9.3886
9.7749
9.9225
9.8286
10.1382
9.5521
9.5373
10.908
9.3869
10.4452
10.478
9.228
9.3371
9.737
11.2882
10.5962
18.8123
13.4514
10.9051
18.8283
10.3507
10.3389
10.3988
9.9264
10.3306
10.9512
10.5985
11.2186
9.8943
9.962
10.3208
9.8689
10.2267
9.9521
10.5988
10.2143
10.973
10.8093
12.6847
11.4088
11.1514
10.5915
30.6991
10.4856
10.2779
10.0387
17.4495
9.8589
9.14
9.6521
9.6875
10.5458
9.1542
10.3768
9.783
9.8878
9.9483
10.8093
9.5117
9.5118
9.8104
10.1743
10.4973
18.2021
10.5994
10.7402
10.5178
10.6393
10.9691
22.9201
10.3278
10.1006
10.6995
10.8759
10.0508
10.1617
10.6461
10.6243
9.4279
10.7999
9.4225
20.8032
24.5449
9.8509
9.4194
10.8483
9.7529
9.4485
9.621
9.3898
10.1301
10.4458
9.8076
7.1472
9.8034
9.942
8.3622
10.5321
10.2925
10.5321
9.9012
10.0707
10.9828
11.9051
10.1552
10.3658
10.4239
11.5312
18.5601
22.7521
10.2378
10.9161
11.7813
10.7406
10.5085
10.4117
10.298
10.5322
9.952
14.7941
11.0166
11.1147
11.2599
10.6264
10.8691
10.3941
11.0561
11.512
10.6088
10.6603
10.7957
11.2705
11.306
12.13
10.2788
10.884
10.8942
10.1021
11.0046
19.9986
10.4823
11.6799
10.0814
11.5006
10.169
10.5074
10.4499
10.243
10.4513
9.7691
11.1343
10.5853
10.0104
10.231
10.6358
9.8296
10.6014
10.5827
11.9199
10.9843
10.0533
10.8176
11.1063
10.9215
10.7455
9.8832
12.106
11.032
11.2845
13.8556
11.9321
9.9546
8.7592
11.4479
11.6582
12.2063
10.6231
10.5638
10.5289
10.4814
10.8882
10.8499
10.2821
10.9859
11.0342
11.0384
11.349
10.4493
11.3646
9.7934
8.8781
9.111
11.1372
11.1251
11.4486
9.9786
10.1287
10.3773
12.5931
11.6158
9.551
10.4004
11.27
17.4552
10.6721
10.515
9.7671
10.3167
10.2284
10.6556
6.7803
9.1566
10.3855
11.1843
11.2462
11.303
10.8448
9.7287
10.6445
10.5768
11.9309
34.0505
10.2165
10.8559
11.3993
10.1298
9.5452
14.8207
9.6928
10.4495
10.5586
10.2922
9.7397
10.7581
10.4108
10.343
11.982
11.7915
11.9119
10.4095
11.0504
10.2405
20.7074
11.6242
10.0973
11.5885
11.4904
8.8399
11.512
23.8244
13.3783
11.3028
10.925
9.6662
9.1535
11.1431
10.4843
13.3048
11.7192
11.3717
11.0351
10.9991
11.3254
10.8566
11.069
10.1575
11.0813
10.1813
11.8528
11.2237
10.4841
11.599
10.2988
10.0384
10.3342
10.3927
10.9371
11.1062
10.4777
10.9259
10.8087
18.4829
11.3767
10.9331
11.3791
11.0661
11.3534
19.9356
10.4693
11.1843
10.4586
10.8058
9.9936
19.8091
10.6003
10.3418
10.768
10.5995
37.5134
14.8703
11.7571
10.5753
11.1431
11.2682
10.5205
12.2389
9.9874
11.7542
11.1869
10.7549
11.8264
10.5392
11.6293
13.4061
16.6587
10.8219
10.3089
10.483
11.7604
10.9398
10.9103
10.9885
10.9487
11.2876
12.4138
10.7467
10.9876
11.2833
10.4051
10.6237
11.4287
11.2193
12.1422
10.3195
10.8658
9.5217
9.9487
9.5849
23.5504
10.3318
11.0277
10.5087
10.8671
11.4967
8.446
11.042
10.3395
10.1651
12.7014
10.7501
10.0429
11.467
11.0045
10.855
10.8423
10.8688
10.5086
12.0349
10.6529
11.8482
11.5787
9.9978
11.1177
10.0077
11.2718
10.5338
10.8572
11.4509
11.5705
10.8654
9.8122
10.672
10.7294
10.0868
10.4139
11.8325
10.5481
11.4538
14.1397
10.8651
12.5564
11.1043
10.9765
20.1945
11.0126
10.784
9.8837
10.9957
11.2864
10.9243
10.7387
11.0835
10.0784
11.1475
11.2106
7.8121
10.062
10.4211
9.8063
10.8115
10.9712
11.2271
11.028
11.4674
11.8175
10.2609
10.9618
10.4317
10.5404
11.1395
10.725
11.6975
10.7329
7.4806
9.4165
11.1019
10.1337
10.1571
10.7086
10.9949
9.7942
10.5868
10.4274
12.0551
11.2528
11.3928
10.8589
30.5155
10.6971
22.5707
10.4462
10.6056
