0.07
0.06
3.04
0.05
0.065
0.06
0.06
0.07
0.049999999999999996
0.17500000000000004
0.060000000000000005
8.475
0.05
0.8233333333333333
1.0799999999999998
0.06666666666666667
0.043333333333333335
0.05
0.06
0.05
0.05500000000000001
0.065
0.065
0.055
0.056666666666666664
0.20000000000000004
1.5050000000000001
0.07
0.06
0.06
0.13
0.05
0.065
0.05
0.05333333333333334
0.1
0.07
0.06
0.06666666666666667
0.06333333333333334
0.0625
0.085
0.057499999999999996
0.08
0.0625
1.19
0.6466666666666666
0.0675
0.0575
0.04666666666666667
0.0475
0.06
0.055
0.21750000000000003
0.22333333333333336
0.22333333333333336
0.05750000000000001
0.045
0.045
0.04666666666666667
0.05500000000000001
0.04
0.23
0.06
0.06
24.61
0.10500000000000001
2.7600000000000002
0.07
0.065
0.06
0.05
0.08
0.07
0.05
0.05
0.07
0.07
0.07
0.06
0.065
0.07
0.08
0.05
0.055
0.06
1.04
0.06
0.04666666666666667
0.057499999999999996
0.05000000000000001
0.11000000000000001
0.0675
0.060000000000000005
0.91
0.07500000000000001
0.06
0.06
0.06
0.06
2.76
0.06
9.99
0.06
0.045
0.06
0.07
7.535
0.05
0.065
0.06
0.07
0.045
0.07333333333333333
0.055
0.04
0.07
0.06
0.06
0.08
0.135
0.03
0.05
0.06
0.1
0.06
0.06
0.06
0.08
0.06
0.06
0.08
0.38
0.06
0.05000000000000001
0.05500000000000001
0.05666666666666667
0.06
0.06
0.05
0.05
0.06
0.065
0.06
0.055
0.060000000000000005
0.05
0.055
0.06
0.075
0.06
0.065
0.10500000000000001
0.06
0.05
0.060000000000000005
0.065
0.055
0.04
0.04
0.06
0.0775
0.07
0.06
0.05500000000000001
0.11
0.05
0.07333333333333333
0.06
38.4
0.06
0.05
0.08
1.29
0.05
0.05
0.06
0.26
5.245
0.05500000000000001
0.07
0.07666666666666666
0.06
0.045
0.04
4.845
0.055
0.28500000000000003
0.05
0.05
0.065
0.04
0.07666666666666667
0.12000000000000001
19.057499999999997
0.06666666666666667
0.06333333333333334
0.085
0.06666666666666667
0.08
0.06
0.08
0.065
0.16
0.08
0.07
22.59
0.08333333333333333
0.15
0.057499999999999996
0.045
0.05
0.065
16.452499999999997
0.055
0.0525
0.06
0.1
0.06
0.06
0.060000000000000005
0.06999999999999999
0.06
0.05666666666666667
2.93
0.08
0.08
0.06
0.055
0.06
0.08
0.045
0.065
0.05500000000000001
0.0675
0.08666666666666667
0.056666666666666664
0.06
0.08
0.06
0.07500000000000001
0.05
0.06
0.05666666666666667
0.07333333333333335
0.12
0.06
0.065
5.155
0.10333333333333335
0.0675
0.11666666666666668
0.05500000000000001
0.05500000000000001
0.052500000000000005
0.06
0.48
0.045
0.06
0.065
0.06
0.05
0.06
0.065
0.05
0.055
0.07333333333333335
0.060000000000000005
0.056666666666666664
0.060000000000000005
0.1
0.06
0.06
0.05
0.065
0.06
0.08
0.065
0.06
0.04666666666666667
0.065
0.060000000000000005
0.07
0.06
0.06
0.07
0.055
0.05
0.06
30.885
0.06666666666666667
0.053333333333333344
0.060000000000000005
0.05
0.11
0.865
0.06
0.065
0.82
0.055
0.06
0.07
0.06
0.06
0.06
0.06
0.06
0.08
0.08
0.07
0.065
0.056666666666666664
0.07
0.09
0.07
0.06
2.44
0.065
0.14
0.04
0.09
0.08
0.06
0.07
0.09
0.07666666666666667
0.05000000000000001
0.065
13.613333333333332
0.05333333333333334
0.08
0.06
0.07
0.065
0.1
0.08
0.05500000000000001
0.06
0.08
0.07500000000000001
0.03
0.08
0.06
0.065
0.08
0.060000000000000005
0.06
0.05
0.06
0.065
12.807500000000001
0.055
0.05333333333333334
0.043333333333333335
0.04
0.05000000000000001
0.057499999999999996
0.06
0.0475
0.05
0.057499999999999996
0.07
0.08
0.06
0.05
2.19
0.06
0.07
0.06
0.06666666666666667
0.06333333333333334
0.060000000000000005
0.06
0.06
0.06
0.05
0.06
0.07
0.06
17.919999999999998
0.06
0.11
0.08
0.08
12.863333333333332
0.04666666666666667
0.05
0.05
0.07
0.26
0.075
34.1
0.06
0.06
0.06
0.06
0.06
1.87
0.06
0.060000000000000005
0.065
0.045
0.06
0.065
14.975
0.06
0.085
0.06
17.21
0.07333333333333335
0.06
1.7174999999999998
0.06
0.065
0.07
0.08
0.08
0.07
0.06
0.07
0.05
0.1
0.06
0.05
0.06
0.045
0.05500000000000001
0.065
0.06666666666666667
0.0475
0.0625
0.05
10.190000000000001
0.07
0.05
0.05
0.055
0.055
0.04
0.22999999999999998
0.06666666666666667
0.060000000000000005
0.08
0.06
0.06
0.06
0.05
0.05
0.05
0.045
0.06333333333333334
0.09999999999999999
0.06
0.04
0.07
0.07
0.11499999999999999
0.055
0.04
0.04
0.06
0.05
0.060000000000000005
1.19
0.06
0.06
0.07666666666666666
0.049999999999999996
0.065
0.07500000000000001
0.05
0.06
0.07
0.060000000000000005
0.06
0.06666666666666667
5.365
0.065
0.07
0.06
0.06
13.083333333333334
0.05
0.05500000000000001
0.06
0.05500000000000001
0.060000000000000005
0.06333333333333334
0.625
0.060000000000000005
0.07
0.065
0.08
0.05
0.06
0.07
0.17
0.065
0.05666666666666667
3.66
0.045
0.053333333333333344
0.06
0.06333333333333334
0.05
0.08
0.45999999999999996
0.05
0.05
0.05
0.04
0.05
0.105
0.06
0.055
0.07
0.08
0.07
0.06
8.353333333333333
0.08
0.065
0.44
0.09
0.05
0.07
0.06
0.125
0.12
0.055
0.05
7.859999999999999
0.055
0.065
0.045
0.055
0.065
0.060000000000000005
0.045
0.055
0.055
0.055
0.05
0.060000000000000005
0.055
0.07
0.06
0.05
0.05
0.05500000000000001
0.06
0.05500000000000001
0.065
0.05
0.05
0.045
0.055
0.045
0.065
0.05
0.060000000000000005
0.055
0.04
0.035
0.055
0.05
0.065
0.055
0.060000000000000005
0.05500000000000001
0.045
0.045
0.05500000000000001
0.060000000000000005
0.05
0.07
0.060000000000000005
0.045
0.05
0.05
0.06
0.05500000000000001
0.055
0.055
0.055
0.045
0.035
0.045
0.04
0.065
0.055
0.06
0.045
0.04
0.05
0.04
0.055
0.060000000000000005
0.065
0.045
0.045
0.045
0.045
0.05
0.06
0.065
0.07
0.05500000000000001
0.065
0.045
0.045
0.065
0.060000000000000005
0.065
0.045
0.05
0.05
0.06
0.06
0.065
0.05
0.065
0.060000000000000005
0.05500000000000001
0.045
0.055
0.05500000000000001
0.055
0.065
0.035
0.05
0.055
0.07
0.05
0.08
0.055
0.055
0.055
0.05
0.065
0.05500000000000001
0.05
0.05
0.045
0.045
0.055
0.060000000000000005
0.045
0.06
0.055
0.055
0.06
0.045
0.045
0.045
0.045
0.055
0.05
0.05500000000000001
0.055
0.035
0.055
0.07
0.06
0.05
0.05500000000000001
0.07
0.05
0.20500000000000002
0.045
0.045
0.05
0.045
0.06
0.06
0.060000000000000005
0.045
0.05500000000000001
0.05
0.045
0.045
0.060000000000000005
0.045
0.06
0.060000000000000005
0.045
0.045
0.035
0.06
0.045
0.065
0.05500000000000001
0.05
0.035
0.05
0.055
0.055
0.05
0.060000000000000005
0.060000000000000005
0.065
0.04
0.060000000000000005
0.04
0.04
0.055
0.05
0.06
0.05
0.055
0.060000000000000005
0.045
0.055
0.045
0.06
0.05
0.06
0.025
0.055
0.05
0.065
0.060000000000000005
0.055
0.065
0.060000000000000005
0.05
0.055
0.060000000000000005
0.075
0.045
0.065
0.055
0.045
0.055
0.055
0.045
0.060000000000000005
0.065
0.04
0.075
0.05500000000000001
0.045
0.05
0.055
0.05500000000000001
0.045
0.055
0.055
0.055
0.045
0.05
0.05
0.05
0.065
0.055
0.05
0.045
0.055
0.055
0.07500000000000001
0.055
0.08499999999999999
0.05
0.055
0.05
0.045
0.05
0.055
0.07500000000000001
0.055
0.05
0.055
0.05500000000000001
0.055
0.065
0.05
0.055
0.05
0.045
0.045
0.060000000000000005
0.07
0.065
0.060000000000000005
0.05
0.045
0.060000000000000005
0.055
0.07500000000000001
0.05
0.055
0.065
0.04
0.045
0.045
0.045
0.045
0.05
0.055
0.060000000000000005
0.055
0.045
0.05500000000000001
0.06
0.055
0.06
0.04
0.05
0.05
0.055
0.045
0.045
0.05
0.05
0.07500000000000001
0.045
0.05
0.055
0.060000000000000005
0.04
0.035
0.05500000000000001
0.06
0.045
0.07
0.055
0.060000000000000005
0.05
0.055
0.035
0.055
0.060000000000000005
0.07
0.05
0.05
0.05500000000000001
0.06
0.05
0.065
0.05
0.045
0.05
0.045
0.055
0.05500000000000001
0.05
0.060000000000000005
0.05500000000000001
0.045
0.05
0.045
0.04
0.05
0.05
0.05
0.07
0.04
0.055
0.04
0.05
0.055
0.045
0.05
0.045
0.07
0.085
0.05
0.055
0.05
0.065
0.055
0.065
0.05
0.055
0.05
0.045
0.075
0.04
0.045
0.055
0.06
0.065
0.045
0.060000000000000005
0.065
0.045
0.05
0.05
0.045
0.06
0.06
0.065
0.07
0.045
0.04
0.045
0.045
0.065
0.05
0.04
0.06
0.05
0.055
0.060000000000000005
0.05
0.055
0.055
0.05
0.065
0.05
0.045
0.065
0.065
0.07
0.045
0.045
0.05
0.05500000000000001
0.045
0.04
0.060000000000000005
0.060000000000000005
0.045
0.045
0.05
0.055
0.05
0.05
0.065
0.05
0.06
0.05
0.05
0.05
0.055
0.06
0.05
0.065
0.04
0.05
0.05
0.055
0.05
0.05500000000000001
0.05
0.03
0.055
0.06
0.060000000000000005
0.060000000000000005
0.05
0.05500000000000001
0.060000000000000005
0.055
0.05
0.05
0.05
0.055
0.045
0.06
0.05
0.060000000000000005
0.060000000000000005
0.060000000000000005
0.045
0.055
0.045
0.055
0.055
0.045
0.055
0.05
0.055
0.055
0.06
0.055
0.045
0.055
0.065
0.060000000000000005
0.065
0.045
0.065
0.05
0.060000000000000005
0.055
0.04
0.055
0.045
0.045
0.05
0.05
0.05
0.05
0.055
0.05500000000000001
0.06
0.06
0.055
0.06
0.060000000000000005
0.05500000000000001
0.055
0.04
0.055
0.06
0.06
0.05
0.060000000000000005
0.060000000000000005
0.05500000000000001
0.05
0.065
0.055
0.045
0.055
0.055
0.060000000000000005
0.06
0.065
0.045
0.055
0.055
0.060000000000000005
0.060000000000000005
0.05500000000000001
0.05
0.04
0.05
0.05500000000000001
0.05
0.05
0.065
0.045
0.045
0.04
0.060000000000000005
0.060000000000000005
0.055
0.065
0.05
0.065
0.060000000000000005
0.065
0.05
0.060000000000000005
0.035
0.055
0.045
0.055
0.045
0.04
0.05
0.05500000000000001
0.05500000000000001
0.05500000000000001
0.055
0.04
0.075
0.060000000000000005
0.05
0.060000000000000005
0.05
0.055
0.05
0.05
0.05
0.04
0.05500000000000001
0.055
0.04
0.060000000000000005
0.045
0.05
0.055
0.04
0.04
0.065
0.060000000000000005
0.045
