16.25
19.26638911623889
17.856876550285484
18.297223916511278
18.025813323911123
20.18591862292022
20.81792739632475
20.294620937917845
20.561493347104882
20.44153876676921
18.985797423326677
18.056731921102045
17.574541457062434
24.71795724156386
26.38308184870752
25.511909592549237
23.267782766379213
21.51548656742523
19.914671837384155
22.290422184748873
20.252941263135014
18.731653193468365
17.49383372504929
18.156323096513884
17.32481965526305
18.444945526262355
18.50628501646925
18.233857167519748
17.439879917068613
28.172533084464263
26.121879403394544
24.387069487005427
23.81456740213157
23.497742740095827
22.19631824624039
21.76073417233275
21.13395369880732
21.248820146163055
22.129947441462612
21.397051676889806
25.194327133763462
24.414191668479628
24.45791260918898
24.69879216152681
34.00670031906789
33.456702071708676
32.26359817456613
30.084464038621704
27.884402183765772
26.841145922005673
34.46105487368341
32.29285760777126
30.988144953226467
34.36165181506413
33.42102738846028
35.12832783398382
33.8745171773427
31.166255756755174
28.616765820928393
26.36026267085666
24.914016524756672
23.569206679556416
23.76460867753805
23.799214888826192
21.69462689956135
21.50992004281124
22.03672479162502
22.726681453864686
25.000950723655663
23.11265936743119
22.959606192639292
23.2723081822615
23.395258906469486
23.006629600337497
22.424438852720392
22.049602428636135
22.636973497898502
27.203856863331723
25.28163897763647
24.377835403394275
27.0896877846303
28.434740809152665
28.396279967466164
26.086141567103756
27.922357498169102
39.49370973818864
37.91969168547059
37.87288702598246
39.20414218919744
35.772575304010125
32.61267082164005
30.864912613793738
34.33822161528488
31.811162851417627
31.61597500128722
30.25277250816556
32.3526660800619
31.136008545677008
30.995547462481778
30.763070480351722
28.651395691908583
26.043880202607266
25.344209126319218
24.515250768032303
23.816155791155406
21.592653560163726
21.84836137251182
28.602937928975052
35.68056036138405
33.30141060812781
30.697585456991927
29.362300605111425
28.061305866885313
25.570033646923022
23.91808603760501
23.033255035030503
33.374170514953256
30.71173671531681
28.580539241850545
26.25097148248584
24.89622693051644
30.670048939132943
29.69558612667411
30.545275253411862
29.4578942596188
28.751468346374832
27.570166405554204
26.322875269452517
24.503508682910034
23.216833638822205
23.148398817292897
21.546399862406997
19.680760252776647
30.626911186982834
28.007163942640283
25.457958034102262
26.612019645374872
24.213974104559615
22.92832261857509
21.769419980639405
30.270152676695428
28.59208238735408
27.045926433097232
31.182662669492917
30.82680636273049
32.11187284564624
30.68291530955803
29.07370056428329
34.20231245358412
31.155584620974263
29.078461917850923
29.642879408818146
30.226252232721773
38.024747767395034
41.36990226857936
38.527322706286824
34.88725293180128
34.06573219039719
34.81587479120039
42.599340442236816
39.741169290207054
39.24920695912397
38.69990182599845
35.8069111788039
32.67877466357087
31.99542067588954
29.231880635949704
27.5049740794638
25.23675616324834
24.988410357393008
24.113265776297325
22.73129562136287
21.859322081186015
20.817029697145454
19.18945135725205
17.50658094048551
16.052035792833237
14.754752165250432
20.50303778772794
18.941181768261718
17.782320642571577
16.465774949567844
18.876721221925468
17.803372897069465
16.208120461170882
27.635256880172467
26.885987019550754
37.58565016491151
39.56040415903401
39.57834077334168
37.43390518029246
34.871138167554186
32.08832015195542
31.905593739871374
30.734735803967606
28.77486586860381
26.549400234888477
39.94847854961011
36.35579340645168
33.88248450758006
33.371068533955246
33.87949382730873
33.622275329925046
30.88593621497179
29.511125353301626
28.995693387623323
28.321217051423254
32.365871270818
40.66510704092363
49.878398672446956
47.38226013764607
42.72670526075465
39.52546751457148
40.52716243931398
37.12122634482379
35.76936392163632
32.474807614650814
30.428994891322926
28.44888866128521
26.812563142336405
26.017200903641864
24.622443522396782
24.12369054299369
22.614924386458483
23.746756030946138
21.40415529793965
19.629620773514464
18.559349704327737
17.949045076847
17.255174161783533
20.04044345240108
20.290600324051823
18.648616331547828
17.614191303015097
16.842320152155068
15.30298020097256
15.18915308573699
28.459538503489444
26.844802544480245
31.826963993436223
29.515111879801953
27.187733852664064
34.696249764633045
32.493715761999184
30.274881505847468
28.157200326293296
26.55829364340057
25.750902099056738
25.737011971119916
34.53013455748856
31.987248215041664
30.547216651371823
28.987685607380065
26.960492340188324
25.499343538657588
24.81020875862144
25.865613229627883
34.02160311240118
31.085312952912524
29.593675279390176
26.817516859404694
24.64445462280427
23.74288282435837
23.143030752169917
22.80486582297587
21.86575472771491
21.6165981179922
20.48769748198178
27.988484278338255
25.378052788189297
28.597379499510495
28.276723937029125
26.194713885037068
24.31238953955974
22.121321541235847
31.842811338145395
28.94455340535911
26.92222796237883
24.745355845892455
26.255232133603386
24.64607743664119
34.30854613722871
35.82053746651859
33.22662353243825
31.487343901327492
30.115999151395272
32.045330581132525
32.03548046862374
32.147999863814114
29.59816570841436
29.452363932307467
26.770240174267467
24.969380506633414
23.15234129759263
21.6024988375489
21.42317498328802
19.76391721963017
19.596030771633792
18.41026269828185
17.282471189611183
16.324886217620705
17.387057863418384
19.91894622985869
18.572038475751842
18.18021168213166
17.32873505319693
16.683715160563327
16.12506431373045
20.139340415967993
18.798144037655096
17.896043720403117
16.402349983499285
15.918102164285317
23.609538706766354
22.305886177845974
21.623563826373186
20.628105149738847
18.768632214356305
17.696476735129902
27.51813158192818
26.243354646232493
25.017873761903964
22.98864694886028
21.82863789318022
21.29960144634348
19.296957947242547
19.170674037663822
18.468228033286515
20.058253732257228
20.12082118352412
19.444617762764725
20.113037876411056
18.72813010292643
20.311959149985615
20.4646967553166
19.4912426545249
17.8149354712979
16.809493484162196
27.435650686933645
25.38950023875566
25.06472363224544
25.90343625620913
24.04295568587666
33.95306171118693
31.702999826351626
34.70638370867783
32.787708869239104
33.014385681605916
33.59040806888376
32.85998220191405
30.000967328284894
28.614867886974295
34.29403789207554
31.160495154065625
29.506785330505792
28.249091117739056
26.89984933413735
35.36267325658377
32.017169557689535
32.84555974429653
30.61587749414979
28.2776538578121
25.62268167881819
23.598367571710472
29.58891030303259
27.1306012313988
25.710233314644825
24.387341414322673
22.37618563362851
20.547931661605652
18.54760797135929
17.28877397138447
25.43709237372578
24.31920497367094
22.532533814460145
20.767450270172258
19.92488965414108
18.13185059001115
16.562558005803417
16.361196863824116
14.793821088293202
13.674861867724491
12.622435426785955
27.899877542737194
27.702961904817187
25.180822538171103
22.936160127489636
22.08500755366902
24.372204823610467
22.819583227085655
28.55977108426294
26.056401354697726
23.658773592234787
21.546846577860272
19.7712420497816
18.319383246248837
19.0546802655312
18.151057255090823
16.932514939511666
15.991344964407869
14.927703992945087
14.183059513541702
13.145187094693622
11.964529500470778
10.967572386014988
10.259723686707632
9.396507394780643
17.38152966263673
16.45496090906639
17.89981837555827
16.42092171251689
18.724842559161324
19.612851009425526
23.78249425448136
22.7697918778499
21.90682671119134
22.183554166317265
22.296506174695924
21.89021484202041
22.587113773055634
22.71722134354958
23.343590992898868
22.547606348794233
24.991561833743624
27.247270068048067
29.89985763271903
27.09690429584306
26.449156748770285
27.61663153611001
26.651516856720804
24.17642620360195
24.089056511142555
23.573349119390716
22.039931233811462
20.77337790031603
25.18314656389847
24.16131285794906
23.54348774764712
23.3082206098659
21.554332486501966
20.151986499276575
18.858912506840564
18.46488642799068
28.580585769996603
26.4559046530375
30.77368041910158
29.803919483965647
28.488962655692703
29.79910250608405
27.023844233829042
25.647626106859978
23.142718837462816
21.304634155980175
19.521746782922097
19.08832553761685
20.228122303295017
19.291712505073512
19.436965108213112
18.6717894943493
25.520237286313733
23.608822224652602
21.617281783423365
27.42062817008127
25.048368294933898
22.913537471933502
21.939252779429793
20.819281342553293
20.699940853263143
20.046182865337137
18.678298406085254
19.85239487753938
18.244034259320717
17.397794953950612
16.710531920849338
25.32540881961828
23.353360045927566
33.77392097215014
30.427429083195044
31.127586020894487
28.8912624090706
28.505973106562738
28.27132043152723
26.787488292071753
25.570963714498298
25.115851895240628
33.772501376897175
30.43792365878736
27.871240877523796
31.291397505290007
30.11236255215272
29.394841284033816
29.389777456213757
29.349240894405103
27.81207928005388
26.203628174165537
26.534497686252895
25.0741974009506
25.476675213630724
25.071081373673138
25.938329899386282
32.03967731873984
44.34041400123522
41.95463524563838
42.69314904175576
51.63165667185823
46.64106346112848
42.22378574595878
38.04995667721778
34.36758544417427
31.0960684287171
28.309291925080117
25.926350078981752
24.133355837725308
25.561332982074454
23.65408286217674
22.05119845779412
22.266404409271264
20.52496956310058
21.739388082910722
20.07583442826698
22.159323208699302
21.067431739282465
20.97244558690876
20.64692837686831
24.77935231634742
30.124667204535488
27.845752554987
41.35919836979337
38.53803640164918
35.699400726946784
33.37103335174849
30.284085256351535
36.50968771569176
35.940948144935
33.71193904216709
31.88657675182619
29.541449707946526
31.08568821127422
28.55766016257225
28.61411253385771
29.691771978592097
27.77700674782248
27.832590759734995
28.668592829712995
26.3817878987682
24.03738697079425
21.821171261333895
19.873997113443302
21.143114337608303
30.281869295641357
32.6080138287958
33.120569785805195
30.168572245608154
27.503777159178927
37.57716816533409
34.08004069425255
32.96556999557146
30.394406042226475
29.59331754226505
27.045407443729857
27.955467807291967
29.209425341976385
27.51959485016898
26.36376263773555
24.151785848103707
25.329631006017678
33.35591433820657
31.599422256984294
29.909869003050503
29.086114141629565
30.136507016897735
29.77150759518062
34.32522437290474
30.9412590326784
29.46682595201378
35.74513882378798
35.821745439756995
32.75321855917859
30.35212640069979
28.04161394357989
25.770450331138083
24.317408187140135
23.224803992290276
21.22234434945057
19.433795904597094
17.622748462731625
17.532470527163053
16.26509625463241
14.954983253511047
17.35993979063298
16.06841967100347
14.743078426489806
13.7804310842927
12.930266877406705
16.322072877855398
14.957807230133227
14.054805025357373
12.79904881664108
17.009734334431663
15.4765722641442
15.31572225517221
14.03390183899045
12.848346681936649
11.74044886141854
16.944340329325655
15.345413396313761
14.79372068506578
13.750249288305517
12.557904924741544
11.4976301708403
11.20311954007927
11.937598790376695
10.872198147348074
10.172082628558828
11.613120026467742
10.757190863798282
9.905844487827329
9.127546613780376
8.428781830924107
7.7657785698594815
8.190909468684454
7.475889577204368
9.467772484076045
9.503014362800569
9.456396619204018
8.631105543457258
8.350934268048913
9.32061692855641
8.89178739250828
8.55505318411925
7.934206959338597
13.282438302566593
12.598745263626673
11.57274948745165
13.877597130609287
26.699443564324955
24.58461440686329
26.029574487418376
24.5697010367431
24.33580770101593
27.657888951820258
39.06309129609892
36.80709137305496
36.43765223186142
34.694081418490406
34.47924884157539
31.326390699982454
32.09264356862465
37.788398495881545
36.92870574846489
35.565868070822674
32.917309861328924
34.01949950843714
32.98902665154106
33.38726760814238
30.7542614954123
28.076277428972386
27.806910247486837
28.908703279452908
26.794677455181343
24.56988675100166
22.263931341781593
20.47282303124337
24.38935586426794
23.583786465108574
25.67790346433495
24.500381903087877
23.049529569393222
21.47064110052837
20.121292167572243
18.252190239833002
16.966298551333086
16.142208124399122
18.510583009550764
19.287671011689554
17.695651059690643
21.49939627016077
21.280458681720827
23.03753317845204
22.28563500676158
21.838070017380165
22.238529751075262
21.499083507254166
24.79765684154459
25.899212764378078
25.88059263954828
25.58762780220194
24.71507709273436
23.581281957568315
21.925997507407498
22.906319060942003
23.39554649278916
21.223196298580223
21.951216100318106
20.342581249054646
29.629931806640542
38.84141624484722
35.93274511169775
34.68308141816931
31.675367532973137
30.752938132896425
37.25781381604754
34.407178281515336
31.814470538963963
30.540832752999485
29.874739046104022
27.909396575781592
29.8133763189185
29.241113915769223
27.611686557802045
25.860967685155344
23.673064341121748
31.538478623752592
38.550899940211416
36.37617057274103
33.91632727703217
37.465608933951735
33.99703843355532
42.535535164109326
41.82845972974403
38.39113662606979
36.53225690277459
33.8957599608207
30.64655811939368
36.92851036899841
33.58124894601295
32.78210326936708
33.106080415373995
29.946681000340615
29.802644027494406
27.0534367913174
25.635433571096577
34.96165921176873
34.996498000167996
31.54935935156051
29.616417328610044
30.432079639502064
28.50409538143931
26.487967534100527
24.10721493119834
22.40748470720188
20.554341471184674
18.950732822410338
17.692974332201864
16.166450873489428
24.838599849839948
31.64688993896072
28.626972266221202
31.55618020883929
29.49679754914063
26.64702515583516
32.723700960467326
31.298110429127313
31.12978679446205
30.3437496266463
30.39246941893926
29.38250720004692
27.59433763240579
25.638673399895662
23.338676421942623
21.839998495912333
25.67198117264486
28.979463671215118
26.976635650209673
27.312916649073433
24.97243153681099
24.95528173842918
24.541344118399806
26.992323372257047
28.766754718605537
30.139902318224106
29.157581474528648
26.96563012941042
27.214794188999043
24.985295765678746
23.16333864152551
21.729204583707475
20.88673422365625
19.892630592545398
19.311415764405755
18.2350300760837
20.35022391256477
21.985183090078703
22.382490797217315
23.466138980789413
33.03587338361013
30.91400391897926
39.44634511513531
36.96402993433458
34.73371893129704
32.603679424128615
33.49904723762164
31.77119823065546
30.213496447636096
27.423536946204724
26.152970384760877
24.127030928219625
26.23394322267938
24.5421262210656
22.752648485896938
21.162954224586407
20.39454122082179
19.159282059716457
27.478341271692447
25.872238022486037
24.087995692725773
22.666824033918033
21.41454872653206
27.67640342837192
28.253949057094264
26.916709187931264
26.233711083257077
24.831305564609934
23.48905271364607
22.198741361504197
23.84939162751788
24.20289689691188
24.58905986962173
26.18894076069886
23.939563334356144
33.049388084193524
30.362864890813086
28.453232825277464
26.827709623487767
25.15792359916318
23.553282650274195
23.606076347739247
22.95564189023003
21.256632387343902
33.11296812720923
30.610483255389003
28.647709819834066
31.39449983402704
29.266793727874262
27.747559871029786
29.598153235714037
27.534389978831484
25.487615405800142
33.48916698894406
31.484672478043546
31.41141949697424
29.70816016570395
28.962141166999455
31.208654090556564
29.2276814114857
27.283527618626792
25.752851458241633
26.23129853746716
26.010469841074002
24.540277560448637
25.661221797913303
25.98364241733446
24.81327683737501
23.41123031005462
22.96513980114604
20.929329925510636
19.134844137039277
17.85690335177704
16.977783819739432
15.990969449530324
18.49362296153705
17.748456222228114
16.735054792028098
17.046726813541724
15.967600827589425
15.436864315441534
14.697725662246503
14.177148287139
26.285806209388628
27.106254491550185
25.42280579377032
23.38443482804347
21.81825224499148
22.416584918332177
22.661313173682444
20.83692363580047
20.291564147419454
20.259286556069277
21.286945574872803
20.58602187724143
19.232365289175952
18.489463631729528
17.907108598415476
17.370888911999767
20.70794156113082
22.494751594880118
21.075548105528057
20.268261494372332
18.60097269120078
18.465924196402273
18.08123880856978
17.659996609096105
26.630573533751555
24.995656603198004
25.04252866079607
22.950265106199012
22.250851646802474
21.465700675042097
20.149426554148015
19.211273394302896
18.952641697085866
20.235919077994645
20.824784074568253
20.386293862823763
31.816687584266827
29.973126962996854
30.121395248097922
29.596897590182646
29.640212777866903
26.69312750812226
24.841232314658278
23.72861396101826
28.390663631055318
26.157359748491526
24.681940823979716
22.818957745380132
21.537140878517107
23.61616575104447
21.592986434403098
20.29474809923096
19.48162137228713
18.80420744846495
18.19719346492491
19.59757095071415
18.245348419580818
16.79939126990405
15.647631427421443
15.007596519839279
13.904404866832449
21.995783814712674
20.443227473348404
23.245988764351946
22.717081570561273
20.982123609285743
20.705500251859842
19.231036772679843
20.641985727318424
19.19968960786246
18.84264960882485
19.267477072563672
19.08027944285344
17.656610454958425
18.347857736677568
28.629962504283203
26.91831773043712
24.753759551653236
25.20853034758114
23.532541443842483
21.92918369902485
20.952856075493237
20.041706445281022
22.19404597026481
20.94314579182386
19.368917836479657
23.599741112739803
22.439505308984916
21.649063297776458
20.60901321031378
20.847347340309945
19.142188712754127
18.19582328681089
18.04021993222513
16.511377333609744
14.95210966511251
14.237979260163453
15.23034484494784
16.70468699975182
18.932492908695593
17.158531020885885
15.622101922774107
14.915581527235808
14.133031146198036
13.305371363658297
12.989142939642736
12.022802600279526
11.555856458437587
11.358104838541626
12.891486778367744
14.505996721848735
13.395023624369559
12.21532225643789
12.481305993806311
11.501585844297088
10.441802348904861
9.512684818344736
8.71075030769948
7.9547225668583526
8.745153594890311
9.615044866415284
15.28173982843246
15.084600364088349
20.585594015047302
18.68910595365445
19.507510278979773
22.893907633400453
21.49919285120122
19.99820355759251
18.255981786261977
18.91312966032634
19.021014708004376
20.054709293071692
18.894959838660423
26.078343925533964
24.04538980099552
22.952742950660653
22.79833030347023
34.473390429315906
32.56977469103307
30.760756769654662
30.580091573110657
38.70739528059094
36.367983754161926
34.850839780528716
34.303251934662235
31.9316887191809
29.964261224414436
29.19013198489912
35.92528921286859
41.772982577208396
39.85890030283197
36.51438140545812
34.720026654849285
40.27261837548119
37.59979051652339
43.55674433148287
39.53927736099349
37.674503835458005
35.63661977042493
34.14690761120381
31.83957987845411
29.64912841264391
27.191489873157526
29.46081095236062
27.92993171849637
25.869101736631794
24.338121846299455
22.88519855330877
21.008893148956556
21.248948465835323
21.340963601474492
19.4184437769752
19.082525541602713
18.27628099290589
24.73400398422731
22.78756441690756
21.28631223050211
20.284256537560672
21.257630563227796
19.977948388272353
18.40500059813392
17.02382545337185
15.821473859796084
20.71619030925448
18.752369256210837
18.657724028121482
18.443984303641546
17.242265438753257
16.31428373424651
15.560109121182562
15.821803935876181
15.393908293573567
15.61024960057433
20.369971652682935
18.92844855188492
20.17870924113399
23.006152205409215
22.250266634821443
32.820614583092464
29.958550131930433
31.508619569891582
29.446487448416303
28.088964252419146
27.547270254591176
25.81232826519837
34.049884785694715
34.04583921713894
33.9506586580199
34.1970284120861
32.08732757765018
38.54512171203576
34.86845801807658
32.252780486516635
30.792323027452344
31.529287565448566
30.25897241063667
29.402876980535197
30.38810193976977
29.615364190321525
36.480219071058954
35.56955492187637
43.708460494049056
40.59736671959962
40.14833158074442
44.44758329989081
41.11314636412487
37.62681492630043
34.90018541927235
32.65134320402474
30.1120170615232
30.736771241737138
29.145931192958564
26.398920731717272
24.013771052514112
32.53586298851349
29.396484861042037
27.703493180227433
25.779339552024954
24.218634737577794
23.455455072684053
22.4345671293046
20.967198672655094
19.750055553354677
18.202897157200347
19.66458135424734
18.032017750287725
17.841373703919373
17.382255524111258
18.303987528013213
22.359660018267032
20.72519015046875
22.341878071167447
20.740601255297513
19.995981904717375
18.123803502593454
17.135186237275995
16.533306083220605
15.407613490707348
14.368915235575836
13.857995325000733
13.82397144203787
13.074391686844955
12.753166306116972
11.655246460931338
11.7640116709111
10.9227442911293
11.019986534567892
10.919927981145607
12.41217274524142
12.762333381187096
14.209256537110523
15.806880208385579
18.03745355604325
19.61943785935438
22.301531152194652
22.68286286533792
22.751587300933053
23.18708311476869
22.852143490081865
22.550697827863726
22.279396731867397
22.0352257454707
21.815471857713675
21.61769335873235
21.43969270964916
21.279492125474288
21.135311599716903
21.005549126535257
20.888762900671775
20.783655297394642
20.689058454445224
20.603921295790744
20.527297853001713
20.458336754491587
20.396271765832473
20.34041327603927
20.290140635225388
20.244895258492893
20.20417441943365
20.167525664280326
20.13454178464234
20.10485629296815
20.07813935046138
20.054094102205287
20.0324533787748
20.012976727687366
19.995447741708674
19.97967165432785
19.96547317568511
19.95269454490664
19.94119377720602
19.930843086275463
19.92152746443796
19.913143404784208
19.905597751095833
19.898806662776295
19.89269468328871
19.88719390174988
19.88224319836494
19.877787565318492
19.873777495576686
19.870168432809063
19.8669202763182
19.863996935476425
19.861365928718826
19.85899802263699
19.856866907163333
19.854948903237045
19.853222699703384
19.85166911652309
19.850270891660827
19.849012489284785
19.84787992714635
19.84686062122176
19.84594324588963
19.84511760809071
19.844374534071683
19.843705767454562
19.84310387749915
19.84256217653928
19.842074645675396
19.8416358678979
19.841240967898155
19.840885557898382
19.84056568889859
19.840277806798774
19.84001871290894
19.83978552840809
19.839575662357326
19.839386782911635
19.839216791410514
19.83906379905951
19.838926105943603
19.838802182139286
19.838690650715403
19.838590272433905
19.83849993198056
19.838418625572547
19.838345449805338
19.83827959161485
19.83822031924341
19.83816697410911
19.838118963488245
19.838075753929463
19.83803686532656
19.838001865583948
19.8379703658156
19.837942016024083
19.837916501211723
19.837893537880593
19.837872870882578
19.837854270584366
19.837837530315973
19.83782246407442
19.83780890445702
19.837796700801363
19.837785717511274
19.83777583255019
19.837766936085213
19.837758929266734
19.837751723130108
19.83774523760714
19.83773940063647
19.837734147362866
19.837729419416625
19.83772516426501
19.83772133462855
19.83771788795574
19.83771478595021
19.837711994145234
19.837709481520758
19.837707220158727
19.837705184932897
19.837703353229653
19.83770170469673
19.8377002210171
19.837698885705436
19.837697683924933
19.837696602322485
19.83769562888028
19.837694752782298
19.83769396429411
19.837693254654745
19.837692615979314
19.83769204117143
19.83769152384433
19.83769105824994
19.83769063921499
19.837690262083537
19.837689922665227
19.83768961718875
19.83768934225992
19.837689094823972
19.837688872131622
19.837688671708502
19.837688491327697
19.837688328984974
19.83768818287652
19.837688051378912
19.837687933031063
19.837687826518003
19.83768773065625
19.837687644380665
19.837687566732644
19.837687496849423
19.837687433954525
19.837687377349116
19.83768732640425
19.83768728055387
19.837687239288528
19.837687202149716
19.83768716872479
19.83768713864236
19.837687111568165
19.837687087201395
19.8376870652713
19.837687045534214
19.837687027770837
19.837687011783796
19.837686997395462
19.83768698444596
19.837686972791406
19.83768696230231
19.837686952862125
19.837686944365956
19.837686936719408
19.83768692983751
19.837686923643805
19.83768691806947
19.837686913052565
19.837686908537354
19.83768690447366
19.83768690081634
19.83768689752475
19.83768689456232
19.837686891896134
19.837686889496563
19.837686887336954
19.837686885393303
19.837686883644015
19.837686882069658
19.837686880652736
19.837686879377507
19.8376868782298
19.837686877196862
19.83768687626722
19.837686875430542
19.837686874677534
19.83768687399983
19.837686873389888
19.837686872840944
19.837686872346897
19.837686871902253
19.837686871502072
19.83768687114191
19.837686870817762
19.83768687052603
19.83768687026347
19.83768687002717
19.837686869814497
19.83768686962309
19.837686869450827
19.83768686929579
19.837686869156254
19.837686869030673
19.83768686891765
19.83768686881593
19.83768686872438
19.83768686864199
19.837686868567832
19.837686868501095
19.83768686844103
19.83768686838697
19.837686868338317
19.83768686829453
19.837686868255123
19.837686868219652
19.83768686818773
19.837686868159
19.837686868133144
19.837686868109873
19.83768686808893
19.83768686807008
19.83768686805312
19.83768686803785
19.837686868024107
19.83768686801174
19.837686868000613
19.837686867990595
19.83768686798158
19.837686867973467
19.837686867966163
19.83768686795959
19.83768686795368
19.837686867948353
19.837686867943564
19.83768686793925
19.83768686793537
19.83768686793188
19.837686867928735
19.837686867925903
19.83768686792336
19.837686867921068
19.837686867919004
19.83768686791715
19.837686867915476
19.837686867913973
19.83768686791262
19.8376868679114
19.837686867910307
19.83768686790932
19.83768686790843
19.837686867907635
19.837686867906914
19.837686867906267
19.837686867905685
19.83768686790516
19.83768686790469
19.837686867904264
19.83768686790388
19.837686867903535
19.83768686790323
19.837686867902953
19.8376868679027
19.837686867902477
19.837686867902274
19.83768686790209
19.837686867901926
19.83768686790178
19.837686867901645
19.837686867901528
19.837686867901418
19.837686867901322
19.837686867901233
19.837686867901155
19.837686867901084
19.83768686790102
19.83768686790096
19.83768686790091
19.83768686790086
19.83768686790082
19.837686867900782
19.837686867900747
19.837686867900718
19.83768686790069
19.837686867900665
19.837686867900644
19.837686867900622
19.837686867900604
19.83768686790059
19.837686867900576
19.837686867900562
19.83768686790055
19.83768686790054
19.83768686790053
19.837686867900523
19.837686867900516
19.837686867900505
19.8376868679005
19.837686867900494
19.83768686790049
19.837686867900484
19.83768686790048
19.837686867900477
19.837686867900477
19.837686867900473
19.83768686790047
19.837686867900466
19.837686867900466
19.837686867900462
19.83768686790046
19.837686867900455
19.837686867900455
19.837686867900455
19.837686867900455
19.837686867900455
19.837686867900455
19.837686867900455
19.837686867900455
19.837686867900455
19.837686867900455
19.837686867900455
19.837686867900455
19.837686867900455
19.837686867900455
19.837686867900455
19.837686867900455
19.837686867900455
19.837686867900455
19.837686867900455
19.837686867900455
19.837686867900455
19.837686867900455
19.837686867900455
19.837686867900455
19.837686867900455
19.837686867900455
19.837686867900455
19.837686867900455
19.837686867900455
19.837686867900455
19.837686867900455
19.837686867900455
19.837686867900455
19.837686867900455
19.837686867900455
19.837686867900455
19.837686867900455
19.837686867900455
19.837686867900455
19.837686867900455
19.837686867900455
19.837686867900455
19.837686867900455
19.837686867900455
19.837686867900455
19.837686867900455
19.837686867900455
19.837686867900455
19.837686867900455
19.837686867900455
19.837686867900455
19.837686867900455
19.837686867900455
19.837686867900455
19.837686867900455
19.837686867900455
19.837686867900455
19.837686867900455
19.837686867900455
19.837686867900455
19.837686867900455
19.837686867900455
19.837686867900455
19.837686867900455
19.837686867900455
19.837686867900455
19.837686867900455
19.837686867900455
19.837686867900455
19.837686867900455
19.837686867900455
19.837686867900455
19.837686867900455
19.837686867900455
19.837686867900455
19.837686867900455
19.837686867900455
19.837686867900455
19.837686867900455
19.837686867900455
19.837686867900455
19.837686867900455
19.837686867900455
19.837686867900455
19.837686867900455
19.837686867900455
19.837686867900455
19.837686867900455
19.837686867900455
19.837686867900455
19.837686867900455
19.837686867900455
19.837686867900455
19.837686867900455
19.837686867900455
19.837686867900455
19.837686867900455
19.837686867900455
19.837686867900455
19.837686867900455
19.837686867900455
19.837686867900455
19.837686867900455
19.837686867900455
19.837686867900455
19.837686867900455
19.837686867900455
19.837686867900455
19.837686867900455
19.837686867900455
19.837686867900455
19.837686867900455
19.837686867900455
19.837686867900455
19.837686867900455
19.837686867900455
19.837686867900455
19.837686867900455
19.837686867900455
19.837686867900455
19.837686867900455
19.837686867900455
19.837686867900455
19.837686867900455
19.837686867900455
19.837686867900455
19.837686867900455
19.837686867900455
19.837686867900455
19.837686867900455
19.837686867900455
19.837686867900455
19.837686867900455
19.837686867900455
19.837686867900455
19.837686867900455
19.837686867900455
19.837686867900455
19.837686867900455
19.837686867900455
19.837686867900455
19.837686867900455
19.837686867900455
19.837686867900455
19.837686867900455
19.837686867900455
19.837686867900455
19.837686867900455
19.837686867900455
19.837686867900455
19.837686867900455
19.837686867900455
19.837686867900455
19.837686867900455
19.837686867900455
19.837686867900455
19.837686867900455
19.837686867900455
19.837686867900455
19.837686867900455
