50.0
21.8896
5.4521
4.8282
4.7881
48.6676
4.1148
3.349
5.0372
7.453
3.6156
3.7085
3.645
53.1961
4.7222
4.109
4.1511
4.6547
3.9624
53.654
4.1735
3.3153
6.0632
3.8372
4.665
5.7113
5.314
4.5896
54.8856
4.4379
3.9275
4.0088
5.6767
4.4082
4.4612
4.4046
4.0162
5.1366
3.5205
12.4108
4.3455
3.6876
8.5279
49.095
6.4973
4.1469
3.9426
13.1558
88.4407
4.5842
5.0944
8.5548
4.1173
14.2186
4.6876
4.3209
3.6041
4.6546
4.4141
3.1993
5.9381
5.2544
2.7468
5.3984
4.325
8.1078
3.726
7.2047
3.3344
4.9667
3.8921
3.825
4.2032
4.4248
15.7787
4.0382
3.8589
11.8307
6.9403
3.7468
88.0531
201.9889
6.1248
4.9652
6.7013
6.2225
3.8336
4.4087
94.4278
4.9113
5.682
4.3008
7.6293
4.246
4.2394
6.2635
4.7261
3.7615
4.6975
5.3585
4.1934
5.7513
61.6974
26.6178
3.1637
3.4528
4.0719
4.2443
4.1889
5.2167
5.0942
53.7334
3.489
3.3534
2.5681
3.4889
86.7389
4.9932
8.8143
3.7847
4.3796
4.349
3.1559
3.3396
5.7714
5.2279
4.3806
61.113
5.1004
3.0859
10.7278
3.7662
3.5531
4.4799
118.5577
4.398
5.0492
70.8256
9.6028
4.908
2.6612
4.4812
13.6023
4.0097
3.6032
4.2539
3.957
46.8348
3.0789
4.2634
3.7261
6.2241
51.8074
4.3606
4.6909
69.5168
3.6891
2.9935
3.0025
3.1431
5.0562
47.2195
4.0807
3.8796
4.8688
4.9791
2.9993
3.5331
4.9476
3.5086
3.6765
97.2008
4.1494
3.9839
4.5648
44.5722
5.1345
3.5538
69.7175
4.5004
70.0125
12.8857
6.0736
3.7956
7.0564
3.9836
4.745
3.6047
3.1904
205.9337
3.5279
4.3226
4.592
4.2347
4.4591
6.148
4.6049
3.0238
3.558
14.8804
61.0718
6.5734
5.7564
3.637
9.8742
3.4295
4.5218
3.1335
2.7746
4.0169
3.5379
4.7241
3.9004
5.0799
4.3859
47.2068
3.5392
4.3168
4.6002
7.9828
3.6535
4.8945
3.3259
5.2995
4.3859
4.5092
5.2631
403.6754
4.7514
45.9213
3.6017
2.9829
82.9638
4.8804
4.0124
5.4288
5.5106
3.9713
4.0352
66.7102
3.527
3.7821
3.7751
3.4866
3.9265
3.3733
4.266
30.4528
3.2738
3.1469
2.9452
3.9585
2.5408
3.4449
4.2896
4.5241
4.2159
72.7402
3.3104
59.3571
3.3913
3.7178
3.2978
3.6037
42.3871
4.1499
4.2549
2.862
42.042
3.9209
67.7309
4.3198
4.7555
3.7521
44.0128
4.9327
5.5002
4.1997
3.7066
3.0871
4.4636
3.6401
4.807
11.3868
3.3816
3.4399
3.2894
3.318
4.6345
4.8517
4.0881
5.865
4.6498
4.1004
4.2477
47.4395
2.7647
5.4571
3.991
4.2197
75.4276
7.0008
4.1752
4.4703
3.2025
53.8929
3.0395
6.4971
4.6407
3.9335
6.9367
3.7739
4.2077
3.097
3.5467
4.0725
3.6638
4.4358
3.5095
7.0324
4.4625
6.1017
3.119
57.8831
3.2802
3.2151
4.1478
3.8189
76.7652
2.5709
10.4775
3.7109
4.2984
5.2591
5.8045
4.5556
6.9159
45.6737
3.7232
4.5291
3.6646
12.6899
71.6589
3.7907
63.2418
13.2674
3.6051
3.8399
4.7784
56.6265
3.7405
4.1646
5.16
4.2211
4.4737
4.4015
70.3008
3.5463
4.5355
6.8996
3.0395
3.4235
3.4711
3.7973
5.1043
5.1262
4.3447
331.1651
3.3447
3.6416
4.4036
3.5418
72.8342
9.6391
205.8474
5.1573
4.0502
3.2765
4.0856
4.4867
3.449
6.7782
5.2016
5.0602
3.6645
4.3002
4.5677
2.984
5.2777
3.4635
52.1027
2.9905
4.248
3.2997
51.0094
3.3008
12.9711
4.7383
4.7762
4.7633
3.5443
5.6128
4.6196
3.5998
3.5339
4.892
4.9407
52.647
7.1614
4.5649
4.5805
3.0826
3.5046
6.1574
3.5016
3.491
4.226
63.3999
5.1097
4.9341
2.568
2.802
3.4717
4.7769
3.256
84.7075
4.4826
67.7409
4.9887
10.445
7.0039
3.4247
3.0087
5.2779
3.562
3.8394
12.3181
5.1173
4.8895
2.7035
72.0803
5.2494
3.0056
86.5277
4.8865
3.6767
3.0995
4.4633
4.2752
4.25
43.1556
3.7275
3.8526
3.231
96.7268
3.6875
204.335
3.4738
3.5489
3.6554
5.1832
7.0437
3.264
3.9068
5.3806
61.5289
4.2955
3.3964
63.2944
4.0194
4.1646
3.9641
4.1799
3.2384
3.1369
4.5088
5.5769
4.7824
5.1446
4.6419
125.6068
2.6993
93.6365
464.6258
3.5475
3.8193
2.5353
4.9348
4.2131
4.4203
5.6703
4.2853
3.8549
3.9824
4.3127
3.36
2.6747
5.0595
4.3628
5.6996
2.6682
3.52
3.9883
44.2574
4.4759
344.3519
5.05
6.7722
3.0823
4.1655
59.0371
4.2232
4.6139
5.2443
4.8313
5.3389
5.3358
4.5446
4.674
3.9622
4.5207
4.8313
3.1736
4.1152
5.5559
73.688
326.141
5.5911
3.7364
4.374
4.6185
58.8009
4.1873
5.3366
3.213
45.9641
3.9055
72.2888
4.8702
8.6284
4.0362
3.3214
5.1483
75.2327
3.7263
3.9624
3.5467
4.8258
3.8087
67.6086
4.5895
4.1812
96.0841
4.9217
5.6604
3.2312
3.2186
4.0372
8.9935
2.5955
4.3147
4.6198
3.6865
3.9697
4.436
63.8986
2.8494
3.4199
4.141
4.1094
50.5275
3.8311
4.7004
4.0502
43.083
4.8696
3.3495
5.8027
4.2055
7.8126
44.528
3.9589
4.214
4.2274
4.5257
44.4157
4.1023
4.3745
4.2737
43.3502
4.2
3.8847
5.1335
3.0429
4.1442
46.1973
3.7504
41.3735
4.264
4.2617
6.4091
4.3887
4.221
4.3895
3.2877
3.9183
73.3773
3.8874
4.0508
3.3673
80.8229
4.3841
4.7838
3.4645
9.7791
79.4793
4.8485
4.0636
5.7137
4.3516
4.6741
5.4871
47.0026
4.3348
3.1063
5.5027
5.5764
3.2516
5.2103
4.5953
4.7636
3.2948
5.3748
2.9263
4.8644
4.4997
4.0774
47.4437
5.8002
50.2004
7.0902
2.7574
3.4774
2.8152
2.83
3.1241
3.928
3.2076
2.6532
51.7211
4.9256
3.7287
3.3019
5.5261
2.7045
69.2802
4.7888
7.1494
3.9257
2.575
4.3129
3.2916
4.834
3.6736
2.8287
3.5389
3.0272
74.9113
3.778
2.5859
2.8277
6.9208
61.3499
2.7602
7.2627
5.2993
3.4848
4.2825
4.551
4.2699
3.3608
3.2755
4.0614
52.4436
3.8022
4.6176
9.2803
4.5959
89.8983
4.6538
4.1124
5.0919
2.5299
5.5166
91.9542
3.7865
2.6699
5.4681
2.5942
6.4486
3.7922
3.0596
79.4526
3.5988
4.2604
3.8299
61.297
4.1158
3.5377
4.2872
4.1322
4.2381
3.831
3.8631
4.3145
93.2917
6.2725
49.3119
5.1096
4.5539
49.5789
5.1258
4.596
3.9463
4.9445
4.2363
3.628
4.2302
5.2285
48.1138
50.0245
5.5697
4.5037
4.7006
4.3356
3.2377
6.515
4.2605
5.7648
3.3132
8.4601
4.1467
3.9444
2.59
6.302
3.1794
3.949
4.2233
58.5904
4.1132
3.6067
3.9394
44.0958
4.0361
105.0129
5.2752
4.2359
4.0378
4.8437
4.6946
5.7155
4.4454
4.2719
4.2095
52.156
4.1422
4.4265
4.3865
3.335
4.0969
113.0476
3.3809
3.4298
2.9349
49.0857
3.2591
3.9911
2.3862
3.5737
3.2961
4.0494
3.5525
3.1102
3.6969
44.687
4.6661
119.4338
4.6518
4.3698
4.7051
4.4019
4.0912
3.93
5.5073
3.5558
86.2019
4.3988
3.4284
9.9252
5.1432
44.4952
4.0312
5.0195
43.4505
4.7807
2.8438
3.7976
2.9296
43.4972
3.7751
4.5053
4.6482
3.6035
5.3695
4.9401
4.0665
3.932
5.3781
4.8572
4.7456
3.5065
5.3604
4.6235
3.4315
3.1887
57.2167
4.2634
45.2649
3.022
6.9962
3.0935
3.8703
46.1361
3.7521
3.8943
3.5279
3.6165
4.4461
5.8655
4.0568
5.0847
5.7544
4.7278
4.3931
4.494
3.7185
4.4801
9.8711
136.8664
11.3346
3.7391
4.3564
4.133
3.7328
3.5573
52.8831
4.3123
3.3011
4.5188
4.4914
4.2737
5.1066
6.0891
3.052
4.4182
49.362
2.8634
94.5181
4.9088
4.7664
4.0431
4.3801
3.6087
6.6011
91.3241
4.7631
3.9709
4.1313
3.766
5.1172
3.5555
4.3247
3.3691
3.6798
4.5625
6.2562
4.6366
4.0821
4.3564
3.8378
99.0829
4.3103
42.5365
4.7229
3.8911
3.6716
5.6783
4.591
4.7074
3.5752
4.3532
4.4929
4.0878
3.289
88.4147
4.1177
4.1387
3.7007
4.5998
3.7019
3.3499
3.4276
7.9082
2.7599
3.9139
109.0095
3.9427
6.7879
14.6877
4.4003
5.5797
4.5313
3.0671
4.3786
46.9152
4.4533
3.5485
4.398
5.621
3.1474
6.7114
4.9986
7.539
4.3132
4.5368
4.9897
4.2548
4.8099
4.4179
3.7379
3.4974
57.7981
5.237
3.3155
3.7891
4.9321
4.4685
3.6598
63.1393
2.9353
81.5597
4.3594
4.19
8.8948
3.8044
4.482
3.6395
3.6395
4.5018
3.8931
65.4333
3.8418
3.7903
3.1857
66.6392
9.3319
3.0149
3.5064
63.1587
3.4356
4.9564
4.0686
4.0329
3.7481
3.3545
59.272
2.5779
3.264
4.2573
49.9066
4.6959
69.6761
4.6923
4.9354
5.44
4.911
4.5227
3.3172
5.6245
5.7331
4.9402
3.623
3.9099
2.7373
3.2922
3.9772
2.5758
3.3195
44.7961
2.7604
3.9101
4.2203
3.0071
2.8314
3.6185
2.7233
43.1024
3.0783
3.46
4.7602
2.3783
4.4629
3.3932
4.2444
4.1096
4.3004
42.8977
4.3475
44.4519
30.2093
4.7623
69.3623
6.5676
7.287
3.5716
3.7944
2.9461
2.8041
132.3286
3.9593
8.3886
5.6513
80.9478
2.7398
3.4831
3.0383
4.6875
4.5714
4.2435
7.1004
4.0968
61.0569
4.3506
64.0725
3.6492
4.065
45.0097
4.2023
3.6534
3.227
3.7688
4.5532
20.5557
4.3853
3.4571
3.1491
127.2939
3.0926
7.0144
7.1202
5.4864
4.3726
4.9845
3.5972
3.6102
3.2444
3.6378
4.0264
3.5509
6.3673
47.0417
3.9737
47.0265
4.5648
3.3981
4.8464
4.7612
5.5509
3.0277
4.1704
5.1688
