0.06
0.06666666666666667
3.04
3.04
0.05
0.05555555555555555
0.065
0.065
0.06
0.06
0.06
0.07
0.07777777777777778
0.05555555555555555
0.05555555555555555
0.1944444444444445
0.1944444444444445
0.075
0.075
10.593749999999998
10.593749999999998
0.0625
0.0625
1.176190476190476
1.176190476190476
1.5428571428571427
1.5428571428571427
0.08333333333333333
0.07407407407407407
0.05416666666666666
0.05416666666666666
0.061904761904761914
0.08333333333333334
0.08333333333333334
0.1
0.12
0.1
0.1
0.08333333333333334
0.07857142857142858
0.09166666666666667
0.13
0.13
0.13
0.1625
0.18333333333333332
0.13749999999999998
0.14166666666666666
0.11333333333333331
0.14166666666666666
0.6666666666666667
0.6666666666666667
5.0166666666666675
5.0166666666666675
0.35000000000000003
0.7000000000000001
0.3
0.2
0.15
0.4333333333333333
0.4333333333333333
0.16666666666666669
0.25
0.65
0.325
0.21666666666666665
0.16666666666666669
0.25
0.2666666666666667
0.2666666666666667
0.5
0.5
0.35000000000000003
0.35000000000000003
0.6
0.6
0.6666666666666666
0.6666666666666666
0.6333333333333334
0.6333333333333334
0.3125
0.20833333333333334
0.21250000000000002
0.17
0.09583333333333333
0.09583333333333333
0.13333333333333333
0.1142857142857143
0.08928571428571429
0.10416666666666667
1.9833333333333332
1.9833333333333332
1.6999999999999997
0.9238095238095237
0.8083333333333333
0.084375
0.075
0.057499999999999996
0.057499999999999996
0.04666666666666667
0.04666666666666667
0.052777777777777785
0.059375
0.08571428571428572
0.1
0.11
0.11
0.11
0.43500000000000005
0.43500000000000005
0.3722222222222223
0.3722222222222223
0.44666666666666677
0.44666666666666677
0.14375000000000002
0.14375000000000002
0.15
0.15
0.15
0.11249999999999999
0.11666666666666668
0.11666666666666668
0.09333333333333334
0.11
0.1
0.1
0.08
0.45999999999999996
0.38333333333333336
0.08571428571428572
0.08571428571428572
0.075
0.08571428571428572
35.15714285714286
41.016666666666666
0.17500000000000002
0.17500000000000002
4.6000000000000005
4.6000000000000005
0.11666666666666668
0.11666666666666668
0.10833333333333332
0.10833333333333332
0.12
0.12
0.1
0.1
0.1
0.16
0.2
0.17500000000000002
0.17500000000000002
0.125
0.125
0.125
0.125
0.17500000000000002
0.23333333333333336
0.23333333333333336
0.23333333333333336
0.23333333333333336
0.23333333333333336
0.2
0.2
0.21666666666666665
0.21666666666666665
0.23333333333333336
0.35000000000000003
0.4
0.4
0.25
0.25
0.27499999999999997
0.27499999999999997
0.3
0.3
5.2
5.2
0.3
0.3
0.23333333333333336
0.23333333333333336
0.46666666666666673
0.575
0.2875
0.16666666666666669
0.16666666666666669
0.3666666666666667
0.55
0.3375
0.3375
0.3
0.3
9.1
9.1
0.7500000000000001
0.7500000000000001
0.7500000000000001
0.6
0.6
0.6
0.6
0.6
0.6
0.6
0.6
27.599999999999998
13.799999999999999
0.6
0.6
99.9
99.9
0.6
0.6
0.44999999999999996
0.44999999999999996
0.44999999999999996
0.6
0.7000000000000001
0.7000000000000001
75.35000000000001
37.675000000000004
0.5
0.5
0.65
0.65
0.6
0.6
0.6
0.7000000000000001
0.7000000000000001
0.44999999999999996
0.44999999999999996
0.7333333333333333
0.7333333333333333
0.5499999999999999
0.5499999999999999
0.4
0.4
0.7000000000000001
0.7000000000000001
0.3
0.3
0.2
0.2
0.2
0.2
0.2
0.3375
0.3375
0.06
0.05
0.08333333333333334
0.07142857142857142
0.1
0.1
0.16666666666666669
0.1
0.1
0.1
0.1
0.1
0.12
0.16
0.16
0.12
0.12
0.12
0.12
0.16
0.16
0.76
0.95
0.15
0.15
0.12500000000000003
0.12500000000000003
0.1375
0.11333333333333334
0.11333333333333334
0.12
0.12
0.12
0.15
0.15
0.125
0.125
0.16666666666666669
0.16666666666666669
0.2
0.2
0.21666666666666665
0.21666666666666665
0.2
0.2
0.18333333333333332
0.2
0.2
0.25
0.25
0.27499999999999997
0.27499999999999997
0.3
0.3
0.375
0.375
0.3
0.3
0.325
0.325
0.325
0.525
0.525
0.3
0.3
0.25
0.5
0.6
0.6
0.6
0.65
0.65
0.5499999999999999
0.5499999999999999
0.4
0.4
0.4
0.4
0.4
0.6
0.6
0.775
0.775
0.7000000000000001
0.7000000000000001
0.6
0.6
0.55
0.55
0.55
1.0999999999999999
1.0999999999999999
0.5
0.5
0.7333333333333333
0.7333333333333333
0.6
0.6
384.0
192.0
0.3
0.3
0.25
0.16666666666666669
0.26666666666666666
0.26666666666666666
6.45
6.45
0.25
0.25
0.5
0.5
0.6
0.6
2.6
2.6
52.449999999999996
26.224999999999998
0.275
0.275
0.35000000000000003
0.35000000000000003
0.3833333333333333
0.3833333333333333
0.3
0.2
0.15
0.15
0.1
0.1
12.112499999999999
12.112499999999999
16.150000000000002
0.27499999999999997
0.5499999999999999
1.4250000000000003
1.4250000000000003
0.25
0.25
0.25
0.25
0.325
0.325
0.2
0.2
0.7666666666666667
0.7666666666666667
1.2
1.2
190.575
190.575
190.575
0.6666666666666666
0.6666666666666666
0.6333333333333334
0.6333333333333334
0.8500000000000001
0.8500000000000001
0.6666666666666666
0.6666666666666666
0.8
0.8
0.6
0.6
0.8
0.8
0.8
0.325
0.325
0.8
0.4
0.8
0.7000000000000001
0.7000000000000001
225.89999999999998
225.89999999999998
0.8333333333333334
0.8333333333333334
1.5
0.75
0.75
0.75
0.2875
0.2875
0.15
0.125
0.125
0.16666666666666669
0.21666666666666665
0.21666666666666665
54.841666666666654
82.26249999999999
0.18333333333333332
0.18333333333333332
0.17500000000000002
0.17500000000000002
0.2
0.2
0.33333333333333337
0.33333333333333337
0.2
0.2
0.2
0.2
0.2
0.35
0.35
0.2
0.2
0.18888888888888888
0.18888888888888888
0.18888888888888888
9.766666666666666
14.650000000000002
0.4
0.4
0.4
0.4
0.3
0.3
0.27499999999999997
0.27499999999999997
0.3
0.3
0.3
0.4
0.4
0.22499999999999998
0.22499999999999998
0.325
0.325
0.275
0.55
0.675
0.675
0.8666666666666666
0.8666666666666666
0.8666666666666666
0.2833333333333333
0.2833333333333333
0.3
0.3
0.8
0.8
0.3
0.2
0.2
0.25000000000000006
0.37500000000000006
0.25
0.25
0.3
0.3
0.2833333333333333
0.5666666666666667
0.7333333333333335
0.7333333333333335
1.2
0.6
0.6
0.65
0.65
51.550000000000004
51.550000000000004
51.550000000000004
1.0333333333333334
1.0333333333333334
0.675
0.675
1.166666666666667
0.5833333333333335
0.55
0.55
0.55
0.55
0.525
0.525
0.6
0.6
4.8
4.8
0.44999999999999996
0.6
0.6
0.65
0.65
0.6
0.6
0.5
0.5
0.6
0.6
0.6
0.65
0.5
0.5
0.5499999999999999
0.5499999999999999
0.5499999999999999
0.7333333333333335
0.36666666666666675
0.2
0.2
0.14166666666666666
0.14166666666666666
0.15
0.15
0.2
0.12
0.12
0.1
0.08571428571428572
0.07142857142857142
0.07142857142857142
0.09285714285714286
0.09285714285714286
0.075
0.075
0.1
0.1
0.1
0.07222222222222223
0.07222222222222223
0.06666666666666667
0.06
0.04666666666666667
0.04666666666666667
0.065
0.07222222222222223
0.06666666666666668
0.06666666666666668
0.08750000000000001
0.1
0.1
0.1
0.12
0.14
0.14
0.11
0.09166666666666666
0.08333333333333334
0.08333333333333334
0.1
0.1
51.475
0.1111111111111111
0.09523809523809523
0.0761904761904762
0.0761904761904762
0.075
0.075
0.05555555555555555
0.05555555555555555
0.05555555555555555
0.12222222222222222
0.12222222222222222
0.961111111111111
1.0812499999999998
0.075
0.075
0.08125
0.07222222222222223
0.8199999999999998
0.8199999999999998
0.8199999999999998
0.055
0.055
0.06666666666666667
0.06
0.07
0.07
0.06
0.06666666666666667
0.06666666666666667
0.06666666666666667
0.06666666666666667
0.06666666666666667
0.06
0.06
0.06
0.06
0.08888888888888889
0.08888888888888889
0.1
0.1
0.08750000000000001
0.08750000000000001
0.08125
0.08125
0.07083333333333333
0.08750000000000001
0.08750000000000001
0.12857142857142856
0.12857142857142856
0.11249999999999999
0.08750000000000001
0.07777777777777778
0.06666666666666667
0.06666666666666667
2.711111111111111
0.07222222222222223
0.08125
0.2
0.2
0.05714285714285715
0.05714285714285715
0.05714285714285715
0.12857142857142856
0.12857142857142856
0.13333333333333333
0.12
0.1
0.11666666666666668
0.1
0.1
0.12857142857142856
0.12857142857142856
0.09583333333333334
0.09583333333333334
0.06250000000000001
0.06250000000000001
0.08125
0.07222222222222223
15.125925925925923
15.125925925925923
0.05925925925925926
0.05925925925925926
0.08888888888888889
0.1
0.08571428571428572
0.08571428571428572
0.1
0.1
0.09285714285714286
0.09285714285714286
0.16666666666666669
0.16666666666666669
0.13333333333333333
0.1142857142857143
0.07857142857142858
0.06875
0.075
0.075
0.1
0.09375000000000001
0.09375000000000001
0.03333333333333333
0.03333333333333333
0.03
0.08
0.08
0.06
0.06
0.065
0.07222222222222223
0.08888888888888889
0.08888888888888889
0.06666666666666668
0.06666666666666667
0.075
0.0625
0.0625
0.08571428571428572
0.08571428571428572
0.08571428571428572
0.08125
0.08125
16.009375000000002
0.06111111111111111
0.06111111111111111
0.06111111111111111
0.05925925925925926
0.06666666666666668
0.061904761904761914
0.061904761904761914
0.05714285714285715
0.05714285714285715
0.07142857142857144
0.07142857142857144
0.08214285714285714
0.08214285714285714
0.1
0.1
0.07916666666666666
0.06785714285714285
0.07142857142857142
0.08333333333333334
0.09583333333333333
0.09583333333333333
0.11666666666666668
0.11666666666666668
0.11666666666666668
0.16
0.16
0.15
0.15
0.125
0.125
4.38
4.38
0.12
0.12
0.14
0.17500000000000002
0.12
0.1
0.13333333333333333
0.13333333333333333
0.12666666666666668
0.12000000000000001
0.12000000000000001
0.12
0.12
0.12
0.15
0.15
0.2
0.16666666666666669
0.2
0.2
0.23333333333333336
0.17500000000000002
0.15
0.15
44.8
44.8
0.12
0.12
0.22
0.27499999999999997
0.2
0.16
0.16
0.16
25.726666666666663
21.438888888888886
0.06666666666666667
0.06666666666666667
0.07142857142857142
0.07142857142857142
0.08333333333333334
0.08333333333333334
0.11666666666666668
0.11666666666666668
0.11666666666666668
0.4333333333333333
0.4333333333333333
0.125
0.10714285714285715
48.714285714285715
0.08571428571428572
0.075
0.075
0.075
0.075
0.06666666666666667
0.06666666666666667
0.06666666666666667
0.06666666666666667
1.87
1.87
1.87
0.06
0.06666666666666667
0.06666666666666668
0.075
0.08125
0.09285714285714286
0.075
0.09
0.1
0.1
0.10833333333333332
0.10833333333333332
24.958333333333332
24.958333333333332
0.1
0.08571428571428572
0.10625000000000001
0.10625000000000001
0.075
0.075
21.512500000000003
19.122222222222224
0.07333333333333335
0.07333333333333335
0.06666666666666667
0.06666666666666667
0.06666666666666667
2.1468749999999996
2.1468749999999996
0.06666666666666667
0.06666666666666667
0.065
0.07222222222222223
0.07777777777777778
0.08888888888888889
0.08888888888888889
0.08888888888888889
0.08888888888888889
0.08750000000000001
0.1
0.08571428571428572
0.1
0.1
0.07142857142857142
0.07142857142857142
0.16666666666666669
0.1
0.12
0.1
0.1
0.1
0.1
0.1
0.075
0.075
0.09166666666666667
0.11
0.1625
0.1625
0.16666666666666666
0.16666666666666666
0.11875
0.15833333333333333
0.3125
0.3125
0.25
0.25
50.95
33.966666666666676
0.23333333333333336
0.23333333333333336
0.16666666666666669
0.125
0.125
0.125
0.13749999999999998
0.13749999999999998
0.13749999999999998
0.13749999999999998
0.1
0.13333333333333333
0.7666666666666666
0.7666666666666666
0.2222222222222222
0.2222222222222222
0.2222222222222222
0.2
0.2
0.26666666666666666
0.4
0.2
0.2
0.15
0.15
0.15
0.15
0.16666666666666669
0.16666666666666669
0.16666666666666669
0.16666666666666669
0.16666666666666669
0.16666666666666669
0.15
0.15
0.21111111111111114
0.3166666666666667
0.49999999999999994
0.49999999999999994
0.3
0.3
0.2
0.2
0.35000000000000003
0.35000000000000003
0.35000000000000003
0.35000000000000003
0.35000000000000003
0.575
0.575
0.27499999999999997
0.27499999999999997
0.2
0.2
0.2
0.2
0.2
0.6
0.6
0.5
0.6
0.6
0.6
11.899999999999999
11.899999999999999
0.3
0.3
0.3
0.3833333333333333
0.3833333333333333
0.7666666666666666
0.49999999999999994
0.49999999999999994
0.65
0.325
0.37500000000000006
0.7500000000000001
0.5
0.5
0.6
0.6
0.7000000000000001
0.7000000000000001
0.6
0.6
0.6
0.6
0.6666666666666666
0.6666666666666666
53.65
53.65
0.65
0.65
0.7000000000000001
0.7000000000000001
0.7000000000000001
0.6
0.6
0.6
130.83333333333334
130.83333333333334
0.25
0.25
0.275
0.3
0.6
0.55
0.55
0.6
0.3
0.3166666666666667
0.6333333333333334
3.125
3.125
0.2
0.2
0.23333333333333336
0.325
0.325
0.4
0.4
0.5
0.5
0.3
0.35000000000000003
0.35000000000000003
0.5666666666666667
0.5666666666666667
0.21666666666666665
0.21666666666666665
0.18888888888888888
0.18888888888888888
0.18888888888888888
9.15
0.11249999999999999
0.15
0.1777777777777778
0.1777777777777778
0.13333333333333336
0.15
0.15
0.15
0.15833333333333335
0.125
0.125
0.2
0.2
1.15
0.9199999999999999
0.1
0.1
0.1
0.1
0.08333333333333334
0.08333333333333334
0.07142857142857142
0.05
0.05
0.0625
0.0625
0.11666666666666665
0.11666666666666665
0.06
0.06
0.06
0.055
0.055
0.07
0.07777777777777778
0.08888888888888889
0.08888888888888889
0.07
0.07
0.06
0.06
8.353333333333333
8.353333333333333
0.08
0.08888888888888889
0.065
0.065
0.44
0.44
0.09
0.1
0.0625
0.05555555555555555
0.07777777777777778
0.07777777777777778
0.07777777777777778
0.06666666666666667
0.06666666666666667
0.15625
0.1388888888888889
0.15
0.06874999999999999
0.06874999999999999
0.07142857142857142
0.07142857142857142
