1.005878
1.18718
0.684868
0.742334
1.049224
0.976506
1.753543
0.454474
0.368145
0.790218
1.05939
1.867479
2.198042
1.182622
0.660812
0.865073
0.519329
0.687084
0.330423
0.384932
0.625236
1.421219
1.350312
0.533029
0.314501
0.379205
0.358238
0.34144
0.954862
0.568864
0.409527
0.403834
1.151105
0.359689
0.513548
0.591208
0.665967
0.516705
2.575498
1.252642
0.465278
1.09338
2.055643
0.717732
1.393981
0.750593
0.57813
2.357314
0.985519
6.614242
10.015325
3.27129
2.841861
1.499685
1.920002
2.55085
2.149272
2.208557
1.91043
2.031042
0.84052
1.529993
1.976613
1.682723
1.911322
3.260397
1.304377
3.207984
1.623155
1.490428
4.226272
1.797174
0.689409
1.26858
0.536436
1.633281
1.228512
0.638374
0.277315
0.332447
0.309531
0.218878
0.385293
0.634294
1.306479
4.631642
1.245899
1.331725
2.094067
8.322948
