98.10000000000001
93.5
98.94999999999999
97.7
103.175
99.875
97.65
93.10000000000001
100.15
99.9
100.2
100.49999999999999
87.92222222222222
86.26666666666668
101.63333333333333
102.875
103.42499999999998
99.6
97.39999999999999
95.0
103.10000000000001
96.89999999999999
107.2
86.30000000000001
38.6
81.75000000000001
71.975
62.24999999999999
76.6
80.3
95.0
94.83333333333333
71.3
78.48333333333332
69.78888888888888
70.19999999999999
62.1
78.45
43.112500000000004
37.016666666666666
15.533333333333335
9.85
57.70833333333333
21.373333333333335
25.125000000000004
45.3625
30.15
58.3875
58.045
61.93124999999999
31.795
20.09375
23.341666666666665
31.666666666666664
45.66666666666667
58.137499999999996
96.625
80.67500000000001
90.20000000000002
85.93333333333334
94.80000000000001
60.099999999999994
50.32500000000001
31.374999999999996
24.325000000000003
6.425
7.6499999999999995
32.550000000000004
28.525
5.213333333333334
9.07
7.48
14.679999999999998
19.525
59.275
58.88333333333333
71.84444444444443
36.61666666666667
12.225000000000001
22.05
60.12499999999999
57.53
13.558333333333334
39.50555555555555
62.62
31.673333333333332
29.877777777777776
22.655555555555555
20.154166666666665
15.158333333333331
