50.0
6.856
4.3436
7.7386
4.976
4.1857
8.5002
6.2987
12.5394
4.5025
2.8956
4.4462
3.2512
5.7373
4.2415
4.792
3.4755
7.1498
94.3968
5.7352
18.2759
5.0924
4.628
4.1409
40.6567
6.1391
7.1066
55.1878
4.2917
95.7763
4.9726
4.7807
53.0972
4.6215
8.9132
5.4578
4.0142
3.2594
4.9804
5.606
4.3003
4.3176
5.3865
4.4356
5.1696
51.4031
3.894
7.7262
3.6854
5.4515
7.5007
4.7493
5.4031
8.6235
12.5085
178.1609
6.482
3.7965
2.5621
7.2135
5.9224
3.3798
5.771
8.4018
4.8546
6.5823
4.4444
5.5411
5.7324
3.4917
3.6829
38.8253
7.8082
5.443
4.5966
4.5081
4.2341
4.2204
4.202
4.3852
309.5513
10.9489
4.4816
3.8397
4.6823
3.8856
100.6474
4.8597
8.1449
65.1658
3.6036
7.8025
2.6371
3.0043
8.2882
6.0071
120.9936
9.7592
4.288
4.6658
161.1906
3.2264
59.8313
5.2729
4.0711
4.3878
3.9273
5.7764
4.3775
3.7847
4.1967
4.9965
12.2879
5.3842
92.102
3.9182
3.5848
4.1681
4.1031
4.1322
4.0157
4.5318
24.4928
3.8564
4.6971
99.4795
373.7257
6.4175
4.024
3.9524
4.89
415.3562
5.1208
5.3517
4.3607
12.3302
5.8429
128.3278
10.3567
4.2609
5.6967
61.5978
3.9733
336.7722
8.028
6.1646
5.0889
5.2433
4.4368
87.3564
4.9568
3.795
4.5954
3.5629
3.1634
2.9778
80.7356
5.8365
4.6483
32.1932
3.8916
3.4582
3.8458
3.4724
3.4024
2.8615
3.2799
4.9045
4.4264
45.3048
6.164
3.7581
4.1269
3.1538
41.3667
4.1877
4.5485
4.3628
3.6247
4.0036
3.1417
4.6899
4.9886
46.4662
5.074
5.2087
4.8355
62.4303
4.317
37.0615
5.8585
2.8078
3.9081
4.0004
3.3431
5.3764
4.181
11.4062
3.3206
4.7845
5.2161
4.5784
4.7179
7.3413
4.6896
4.6345
4.0809
3.3151
4.6151
15.3459
2.8794
6.0701
59.4641
3.7689
49.0555
92.5816
2.7376
4.5524
3.9636
3.4092
7.479
3.4764
3.7523
42.2305
4.8691
100.6236
4.1381
4.3688
42.2102
4.9972
5.0366
5.3047
3.9746
5.0024
55.2074
4.2528
5.3185
3.2717
3.0391
4.2653
4.3569
4.4585
70.9871
5.521
3.3186
4.9706
10.1719
3.7174
4.3142
6.7853
3.5706
6.5402
8.1538
4.3252
3.2436
4.2015
3.8152
62.8902
4.6405
4.3503
8.3332
4.429
3.3046
3.8087
4.5851
3.1922
3.0264
2.7097
3.4564
3.8908
55.6004
7.0137
4.2148
4.015
4.2812
5.3804
3.2553
40.5274
5.1856
4.2715
4.6187
3.1636
4.9306
3.266
4.8237
3.9131
31.1764
4.4543
4.5857
2.3738
4.3457
46.5303
4.2859
4.3902
3.112
4.5271
3.9923
3.7006
42.0206
5.3239
4.9242
4.8617
49.8068
5.3929
3.5396
3.6958
7.8039
208.2433
3.7689
50.7832
4.2202
4.1811
4.851
3.06
3.9261
2.7296
4.8451
7.0782
3.3183
120.1472
3.9792
64.9124
4.4213
4.9078
4.6698
4.0335
51.9158
3.7195
3.0137
3.3343
3.0824
5.8263
7.0445
4.8119
3.4423
10.9588
4.616
3.6472
4.107
3.2506
4.0454
4.7195
70.3562
349.1005
3.6902
349.1583
13.3805
58.6335
4.4326
3.4622
6.2681
5.6827
42.9133
3.6781
4.8255
5.8823
6.1851
4.2445
41.5945
4.7752
4.4958
3.7178
50.566
5.5387
53.0145
3.4697
12.8504
3.898
4.9872
4.1586
45.2583
5.204
148.0806
412.6287
4.8347
3.8544
5.2978
3.7699
4.0132
4.171
4.5724
57.9612
4.7434
3.2666
3.5604
4.5016
4.4596
4.2928
5.4646
4.2098
4.6812
4.0311
5.0386
3.602
4.2598
62.3718
5.7208
3.575
3.5912
2.5178
3.1696
3.6985
69.719
2.9833
4.2173
2.298
3.5865
3.3999
2.5506
3.616
5.9105
4.6693
4.9163
3.9474
65.5406
3.5575
8.2406
4.3321
3.6421
3.8535
3.4162
3.1464
3.6073
3.6477
4.8217
4.4755
4.8831
5.5796
3.8713
54.2389
3.4413
3.9682
4.2909
5.5228
6.3097
5.4568
5.1663
5.8572
7.7942
4.4559
103.3209
3.2281
41.4222
4.2799
4.118
4.6425
3.2037
2.6598
42.3119
4.3432
3.2967
7.9371
4.7652
3.7481
3.2186
2.4485
3.0079
5.4797
3.8217
6.1946
4.2787
3.9199
3.6409
3.5211
3.8085
3.8688
4.2065
9.7226
41.6804
4.3519
4.8733
3.4731
16.7374
5.0873
4.7341
4.3488
4.4921
7.6317
4.0673
4.4716
5.409
10.9342
3.7067
3.4593
3.6193
250.9628
128.0183
4.3456
3.2491
3.8631
3.9381
3.9202
5.2994
5.4129
4.1856
3.7817
24.4932
4.4858
4.6179
3.4941
5.1349
4.4208
76.8418
4.5795
12.0112
4.2726
67.0292
4.2892
4.7322
3.5216
4.582
4.9215
4.4063
4.5889
4.4961
4.4892
4.5646
42.0938
4.2616
3.8061
5.4252
3.8335
4.0798
2.5495
4.3684
3.3552
4.0625
4.4052
7.5832
45.751
2.886
3.0885
4.2463
4.3943
4.5058
4.4772
48.9188
3.8787
3.0383
3.3365
5.1682
53.0828
5.2283
6.114
5.5415
4.4729
6.9308
3.342
3.5396
119.3616
2.7841
4.4401
3.8438
4.2376
41.8425
2.9248
4.5097
3.9197
40.2274
5.3379
42.8229
3.914
10.1581
2.6966
3.0392
80.8797
4.1889
3.6869
4.2494
84.5165
3.9186
4.7517
5.1674
5.9162
2.7831
4.1261
61.9309
4.9018
3.1956
3.7258
4.4848
3.8095
40.1732
3.4747
63.5429
4.7568
5.5152
3.3415
40.0956
11.014
6.5701
3.565
3.7973
4.3505
4.4152
40.7435
4.5676
4.4426
4.1003
3.5445
4.0416
45.6482
3.7176
369.6464
3.7369
3.9004
5.43
2.7618
4.7426
5.2755
4.3404
4.0137
46.1433
3.8312
3.6078
4.7932
3.755
3.7483
42.5325
10.4511
4.3518
4.7586
4.1193
6.5726
4.0121
3.3574
5.2672
4.1283
12.7578
4.2774
220.2779
4.6234
4.066
3.5713
46.8499
5.7252
4.3217
5.7653
47.5936
4.0897
3.4021
3.8029
3.9144
230.3979
4.2167
46.8895
4.343
6.6111
4.6606
3.4924
5.3244
4.4807
4.0993
5.589
3.5573
3.5308
86.2302
4.1124
4.6444
2.7687
3.1554
4.1253
2.9791
3.1101
54.4114
3.6833
78.2669
3.188
5.2018
2.7618
4.4518
4.9871
3.4728
3.1284
3.8023
3.1202
44.0078
3.5331
2.7713
3.5924
3.3027
43.6049
3.0764
2.7856
52.4647
2.61
56.9061
3.6387
7.7079
2.9237
4.2715
276.6792
4.3394
3.9507
7.0253
4.8824
3.337
5.0012
4.7786
55.964
3.77
334.5716
4.4393
3.9403
5.5013
3.1061
38.7777
2.9739
96.9199
336.0166
3.4773
6.7213
3.6431
3.9239
3.5167
53.4951
4.2522
5.3917
2.9918
4.2212
3.9823
3.2488
6.1315
143.6931
3.7565
3.117
4.4215
2.6143
4.3256
365.167
5.098
5.7898
2.7337
4.1736
9.6535
16.1903
80.1903
3.5465
4.6389
5.8387
4.0927
3.8371
3.1159
49.5557
3.7536
4.9772
2.8219
2.9061
7.4486
78.0917
3.059
4.1062
4.1011
3.3088
4.3912
2.9439
39.6046
4.9012
61.4288
4.3772
3.4369
5.4421
3.4716
3.9828
12.2579
4.1625
75.5429
4.4003
4.1103
3.4779
3.1943
5.4582
5.613
4.2892
3.2145
3.9529
8.808
2.7521
3.0747
6.452
111.1098
3.2613
63.4782
193.0514
3.8558
2.692
4.7089
4.3612
3.4697
4.268
4.223
3.5136
4.4591
3.7702
4.3773
158.961
4.7022
5.0671
4.2149
6.6368
3.9421
4.7182
5.024
4.2509
3.2584
5.2872
4.7146
5.2768
4.5529
104.0472
3.6758
43.808
4.5075
4.876
4.544
4.6567
5.2637
4.3825
44.3798
4.3561
5.1918
3.993
3.0197
4.1956
68.2475
4.0037
5.1937
3.5994
7.0374
3.4577
41.948
5.102
3.8719
4.3377
4.0722
45.4935
4.2861
3.1792
41.5766
2.986
3.8849
4.5646
3.3254
3.3542
54.145
4.0623
3.3967
3.5321
4.6595
56.7089
4.9198
4.4261
3.8396
3.75
3.8345
3.3466
83.8102
14.5866
5.0557
5.0798
3.3323
5.2273
84.2228
5.1185
3.5123
4.1909
57.9534
3.4117
3.4355
2.6337
5.7362
19.9049
3.2307
5.3231
6.3652
4.7571
4.2347
3.5282
4.2925
3.6813
39.8903
4.2399
50.7833
3.4076
4.7217
5.2352
3.8145
4.1925
4.1261
5.5425
4.5984
4.7347
3.5066
4.1807
3.8113
3.9715
3.0444
3.5463
4.3746
45.5187
3.4659
39.7538
5.0313
3.0166
2.9099
4.643
4.3288
4.1401
5.9381
3.4084
4.5933
4.1884
58.2836
3.5044
3.5708
3.726
54.4986
10.9915
53.0801
3.5381
5.2561
4.0313
4.8691
4.4392
4.17
3.8531
42.5159
3.4622
3.5854
3.382
4.5178
12.4688
4.8459
4.5676
3.4372
43.1168
4.8406
4.6904
4.1901
3.9437
3.0753
3.1525
3.3678
4.1684
4.0194
4.1024
2.7355
3.9301
3.8721
3.325
3.6843
4.0127
70.3419
3.9284
4.1265
45.7163
4.4122
3.1032
3.8278
4.1887
2.9149
3.5159
4.6062
4.4505
60.3581
4.2527
4.2248
4.4243
63.1827
5.0011
74.5808
3.8917
4.1035
4.4122
3.9205
43.4495
3.0806
3.0676
5.0998
3.324
6.4298
3.4033
3.8306
3.8872
4.0725
42.0222
13.0969
4.2379
4.3073
67.8012
3.0773
2.9324
3.4006
4.0264
2.7488
3.8192
4.7929
4.2297
46.9102
3.349
97.5118
4.1239
4.1794
4.1123
4.1812
3.6366
4.0908
44.3736
2.6581
4.4758
44.1631
4.2639
10.5245
4.2566
3.5906
5.4396
4.1562
4.5108
3.8404
46.9803
3.3427
5.7854
6.4235
3.2687
3.6342
3.6041
4.0004
52.2296
3.6447
4.3958
4.1116
4.561
2.7501
3.8936
4.2951
4.3553
2.9858
4.9725
6.2849
4.1598
4.0604
5.211
2.9755
3.3068
3.2568
3.7463
3.3922
3.7591
3.7326
46.1529
3.9337
4.4268
3.4082
43.7077
4.0628
3.9683
3.9065
4.1095
4.9465
42.7595
6.9428
48.768
4.4314
3.8842
3.8458
4.9606
3.8286
6.4821
4.4778
4.074
3.5654
45.4499
4.0414
4.1755
4.1142
72.5176
3.3636
3.8665
3.8821
5.7315
3.0488
