16.25
16.07872066099581
14.88283480113865
16.96242229063641
16.88564488312571
15.53789476480574
19.459616983558913
20.44481011934918
24.116730454720823
22.874749732014426
21.05851254264789
20.115032655342347
19.28402514989127
18.315598291963102
20.19983779045497
20.240724142923266
18.473740547145688
17.50879327805095
28.87812400779962
26.457133577131543
24.650273724941925
22.95941473626471
21.55038563801714
21.042550505654827
29.365542448704694
30.18299565704202
29.213284989199405
28.402539997705045
37.940442821299825
35.121991424416976
48.15412088142992
44.44955537811072
42.23014503898659
57.31873452709063
52.68593745680125
50.98176010394937
47.803334134005034
45.25015290096174
42.63258353710856
40.46319962108202
39.09863372650356
36.90997618884853
36.12868703302624
34.21280731125568
31.85561770294824
30.938203141093407
29.557079915978317
39.58230863115888
36.42249744892117
33.8051675329722
30.854028298946183
29.28830538468973
29.193105008343238
29.866981469397146
30.155161580736912
30.2020797242408
33.209898518721594
57.89352682763311
80.13929970118818
73.21377853947114
66.86283858122336
60.8420772235927
60.512621962940216
56.866052120920806
51.356550319685944
50.39084792840177
49.519352191606494
47.81537351113971
46.72525752561475
42.78249571186634
40.16411716032631
40.63243959112037
38.29172747240885
36.30859080623222
50.120921055998515
62.36007085248612
61.0515365007717
57.302651163860965
52.480924037770606
49.130465357196286
46.060426712433454
43.91963678492159
41.22596649882447
37.72307673963915
49.576600887043135
45.397525604444105
42.595851291649474
41.23248548203532
40.68564120507727
36.92233464984888
44.18729524955222
41.43690312031947
37.85903047174102
46.10455743684733
43.38781723494487
42.31167898293769
39.852048181962964
37.295130513997584
39.378227042512265
38.19011661363966
59.06680114240588
53.8285258986845
50.18434840317578
46.65090883878672
43.93566494308859
45.61983619192227
42.412619222080814
46.84038845355888
44.125018636613255
41.24242048324101
38.041176856047684
35.90993879364931
34.544464626756934
31.419052636220503
28.93376257327418
27.281863466215157
25.729425352046587
25.53370457107429
24.489554560565473
40.99415728070292
38.32140770607386
34.83078379314556
33.09446593808607
31.562897950582364
30.55437228416395
29.55223034710323
28.362048997791668
37.2427568124472
34.45720083253474
32.35523432709212
30.953535222671697
41.42253047943948
61.9360022292324
57.09853002346571
51.73814101421919
46.88645985417044
43.88430156966123
68.51813580727185
63.30318235714423
58.32745935086404
52.88745160181405
51.38059852252903
47.76199386970966
55.38149157826714
52.82262463340616
51.332239452085005
50.01414710470665
65.06894948542248
60.909405136776265
86.18878310548877
79.88355995508752
78.44809256653605
76.13017478084437
69.69294115205807
63.52384613224582
59.03675147210311
57.49049765014447
55.28960803172927
53.07100679472614
48.58909472979399
45.20742719480201
43.33150074021596
39.15195989837018
36.02538693759985
44.62838269431467
45.1895481828486
41.31539251989489
44.800666252886906
40.36034674203229
38.25254632924638
36.03684212040372
33.16728895547292
30.80802089604356
28.818315181126398
26.358063401303184
23.956275263762564
21.93421963099871
23.535235809555775
21.63980785961982
19.918212846118923
18.688040278676958
17.138213309532333
19.190110709657322
17.935262413276504
16.37862582740143
15.557281185832721
15.95422290187776
15.051940161312777
15.328094150403782
14.764191634935342
14.68803879642995
14.77094174008091
17.931616053645115
19.992872519921253
20.21065984760138
19.68342980634747
30.473945812401247
27.7630925411364
25.47889939769815
32.89618920571678
33.27684969875242
32.49892862281107
31.992909944339555
29.200873996672712
27.524971518366968
29.103181759438623
28.80756674361641
31.19803137718028
28.705454774661813
26.875278408221565
26.164956171829406
23.623372116915284
22.609797027703515
22.715957630390044
21.8288806342537
22.093839951713957
20.302100923754313
20.039312116188967
18.912491595208234
18.597782389775734
22.864195783874408
21.468794671448805
21.668140323352596
31.752388347365628
28.84806597248065
26.407836903941945
31.61403451605197
28.983875554675837
26.795841205258114
25.31074367230956
25.921598826134602
28.39849420709691
25.96323636915053
23.95490165034536
31.087468656200134
28.1351783569296
26.632093247740425
27.655392143595016
25.962147990933747
24.09531202636447
31.891659011430733
29.748092436903097
27.394165617528643
26.032000405844023
24.44962920392565
22.843013320057423
32.74923594628644
31.453774079777038
31.684125913460548
29.07318185574824
26.9500902962114
26.238464665400645
25.340240306160656
23.92074574444726
43.85440668281948
42.51449248627537
41.0140936727435
38.666116667131526
36.24699250625278
37.8486684919779
34.29504622308245
31.61068217606377
31.128549583369967
30.50931944096076
31.210118665438298
30.6388334508432
29.42719122917759
27.27904922208054
25.102730105547295
22.80960556667433
26.628457539364135
27.439976135102782
25.568498529431753
24.874343120950765
22.682082425553663
21.344247978313007
19.472329883235098
18.46490812273888
17.1932259896763
15.760721907675734
14.887053187765375
14.017209083322493
12.899429847034675
24.327892537339718
24.230372213944232
23.803908073095954
21.874246129882263
22.45955787359966
22.794735123750375
21.367175356884236
21.411676089476728
22.147341969826357
21.404357263396342
19.914559565103744
18.894262231959523
18.30853011879212
16.686846876099036
16.76484370752599
16.173492017341214
15.404613340288032
21.10540316925364
21.584748542217458
23.462727633295934
21.490973553302123
20.42765438439514
28.057048474534806
26.388411181127598
24.896519160649984
22.77598047816873
21.255629006160987
19.94115797504616
18.24304920050706
17.432523969796954
20.860954070436637
19.578904860024235
18.71002887930301
18.19778882363815
18.643538912303175
18.134285218718485
17.08215502001896
17.169902824845458
17.133126985598967
36.62514346572527
34.05382856458388
42.75602491707144
38.62279548969566
36.55252711856243
34.79980214594946
34.28504493218234
32.85057777923187
30.560774789493056
30.358674957161043
28.18758914777904
28.8479844065902
27.587151590695218
45.95694436570915
41.70930819575948
53.689505713137706
49.26061208754326
45.37801514150625
44.05620909387695
42.903590654671945
48.535309780763534
44.27844782365636
41.19309893983685
39.038467080779505
36.423734169698754
37.53284733619658
38.97337403430213
37.25514460389193
33.852267068138616
33.02454893118353
30.585253181295847
27.81654963635278
26.360948218546582
25.226576594725724
23.08192067025158
21.403344365476425
19.500514594693257
22.03393805419257
47.58707111794334
43.56880345306527
54.92383808820136
50.93783597831557
54.49039244632887
49.63455720918115
45.74576867285442
42.68735704268976
38.994253176227616
39.02159664452045
35.16495423086019
32.3017917078539
29.89807011438313
29.395038233642712
27.059384220840542
27.296396156990827
26.50571933100735
24.11706849216495
21.966588182888778
39.14374847470974
35.303967969074705
35.50101824986456
32.20252477530964
29.62407174037591
36.62429616976815
33.227495754052136
30.214401788076945
28.886628235596945
28.791538348086696
26.389965677690864
29.521866481495113
54.78132630530861
70.49520272562052
63.82040356773611
57.795991576917075
52.63661464129893
50.17904784895677
45.75431004329801
41.657244538587115
38.171101432654915
35.02215627604775
41.60372188373279
37.862992599896366
34.17242439034005
30.993213108490774
28.22561028874322
25.612613862105523
23.786666313486574
22.891023620838467
23.664484913636038
21.73936500333648
19.877268537907007
22.10337425481439
21.59556043197931
20.663650869280563
37.06271849515626
36.319845938194696
35.03936207637086
32.70205355251949
31.004748539609817
30.00761290920162
30.039929085677297
48.96028790259212
46.901444086179794
42.59218918140205
40.058480482667456
36.14630012469436
34.06738822352002
32.783536228573325
30.991679893184397
28.088614367403153
27.516586357167157
27.289462400580245
25.720820737059817
24.024377524355938
28.32808361810522
44.690190687814436
41.51775543762528
44.1660204459368
40.641401096266435
37.36731171534195
34.213114690983545
32.357070359483444
29.565690310819466
27.199294953856178
24.854327571494753
24.405948392779194
22.678963403200967
23.310735712896903
21.31308585125203
20.8881579565602
19.414451933850067
17.933058121472882
16.52696490112991
16.57162193125544
15.976422504042207
15.551270307386261
16.673102513656765
17.384543078091973
16.27077460585909
15.35847846964894
14.780417324610385
13.712551475180845
12.678512111687592
21.808396260015634
20.999271625284806
28.866304065611576
27.861617257214665
26.43961633077615
24.49119276667639
22.267893993627176
20.310030796059205
29.02189810341429
27.534530174544347
25.131648309350897
23.82490569199104
21.739889368783675
19.599240598460383
21.033860607028945
19.51753781537054
19.018803621542034
19.152017289487226
18.80963701947226
19.247167826885693
18.993967474235525
17.806079677688082
16.061641192505345
14.950103901186878
13.828593040332274
14.2935155248412
14.99496273864398
16.609323076470435
21.690270778808692
37.51139286925521
35.38724851814886
35.0383392517162
32.277557464924165
39.23383469346926
37.42866671986819
37.12718006009387
33.7155094540973
30.89845621661253
33.59964013010273
30.453993888008785
27.535707757327188
25.04526437186111
23.247378841767517
20.993622085406912
18.980219734790055
17.22414992616967
33.830446980087196
40.56160761669457
37.31633965495005
36.822353666040726
33.76956300768503
31.08889796275501
30.803865663623895
28.68482000609327
29.311443604988046
27.01353106767106
27.316527721882437
26.17800338382213
37.55860278417278
35.79547488310326
32.86254616510648
30.19393330440781
28.016095086657305
25.423720060355702
42.886964134608505
39.284745039867666
40.19446862956695
36.431608797572935
43.295213208016406
42.09609004219786
39.28656743019027
36.39595210574475
33.55636048688061
34.347420249669284
31.448142712031697
31.126923010434066
31.881582341098746
29.889916370183943
29.714467241075855
30.16248927833896
34.83992949952612
31.66016568455729
28.667586918195497
26.030244278782007
23.59663492082394
21.377739563582736
21.681500915875894
23.924959378932073
21.808657183074587
19.937470459280405
18.904444524329854
17.48592735784022
35.399937261361394
32.51151039839621
29.410762618361762
26.917009305331636
24.445033168246407
25.747040578782176
23.811149607477315
40.77511933580752
37.1932171572558
35.594339867363864
32.50319860072135
31.443014069017565
47.9969671822016
46.39205414145565
46.76867039948504
45.945480747613445
41.849165403707794
37.73757700983055
36.648638742239456
33.30463893241984
32.599996628456346
41.797035578155665
38.047326879473744
35.23842895332281
32.35111649797357
30.295801400964624
33.49659032564116
30.50755418203388
27.80556547055773
25.137287014078353
40.8685301085956
37.43501118176079
36.74584302222532
33.31017444478736
31.5637045933157
28.629298182209883
26.141890844784193
33.9172202284884
30.913886620810636
28.080354457580984
25.808220857495236
26.351731712980957
24.215953373502913
21.958106445530586
21.90177560853448
19.96623496745811
18.113769516893015
16.395838937370996
23.62688337971392
22.758256688785167
21.62569808364887
19.79368456067376
17.975320800180548
16.37153752904328
14.80773810728081
31.490652473624092
28.443543984145016
31.354794697656775
28.48905753494218
26.041163076458172
23.63004530456319
22.925121534986566
21.407161460767128
19.551614038500745
17.689187312098614
16.025641079455895
14.7111375017267
14.256864945295533
21.470744007433613
19.40943893502133
18.05859371324595
18.005902641093822
16.61166990741028
15.629628085003056
16.800444016746997
18.941136554344638
17.663419982256144
37.239143265792585
37.35735940388282
34.30735916234829
31.564170412102293
30.86674599363437
28.91331069550227
29.407126541612357
29.021032966460442
26.83456389832199
39.85714294446667
38.99332490189128
36.293831638775856
36.249298092933415
32.86141405038235
32.238649775997104
37.072907810779824
40.403611465316985
39.62753167024959
36.45001936398112
36.05081709484326
37.23930481200435
38.17918374069389
34.97742139826083
31.7597976667403
32.641583478877635
32.359500544276976
32.510362098012706
29.659135849690983
34.08689087334233
31.171775105676723
28.5657059686883
26.714831841697777
28.198673630102416
26.501421545779557
24.460314611157212
23.532372507079184
32.0971018557473
29.095170408413846
26.965048068606517
25.21872615879685
26.55261046205437
27.104612132157275
53.636513349125856
48.727240935220934
62.23678907001937
59.43869846591963
56.24631561392193
53.13554627177935
49.4552037013551
47.43206277291361
43.04123728964494
42.088021455023686
39.35354370188805
38.68570410621459
37.146594743860426
34.52706744426591
49.48679135711651
47.2373926458363
46.02812929292918
41.58897421874718
39.9715334761959
36.773611704272355
33.54649241225346
30.697292186629895
41.67645526342462
40.84699826897369
49.51092263258842
45.59401749250425
41.84690925451604
38.537871470302385
35.203887054911185
33.47891200784726
32.51078727089263
30.00638361187727
30.9282879967539
29.595874318913353
43.58945161395934
40.32042253523444
36.56008792864723
33.60502311946836
30.884754071769887
47.06721577591867
53.482442200682115
50.43509655208827
45.560078386846
47.971211324460754
45.16306861698763
50.9630731434519
47.281851992419774
45.651355839860756
41.160616064156045
37.47872751709917
58.98305545366092
57.24386988222485
54.12206186098511
49.119340665935354
46.365692338166056
41.932445124509826
39.84347800227498
36.574228891489994
37.60538528020599
34.534625664369884
32.28404490921127
49.67294073649362
45.908526442606686
42.246899042510165
38.366161201421335
35.06398435842554
35.10409013667463
31.944420838362326
44.73933598377625
59.17282745958571
53.63904317702423
48.944601719287704
44.13422546925697
40.18168268347578
36.91800222135183
34.399823356731694
31.70955690610683
30.48118215486741
29.360865947212428
28.91381604734319
28.505558771189644
27.21125250058758
26.43382145827887
51.09319936072374
46.17346133437504
42.054018298438365
38.23835532801846
34.933763372721906
31.860536754869294
31.58844950821639
58.78948551082202
55.82674600239038
53.96646476425088
50.62800849932487
49.94762350428389
52.06944230507041
56.79046405747774
57.972126700234725
54.6942718479281
49.80344993653409
45.61880313512952
43.04568730395067
39.60515112153915
36.96563171487171
34.38006815932045
40.97166529405138
37.12683178292183
37.85502973467052
36.10051393367795
34.94103004725492
33.45981969793156
52.9780773852262
48.01886638594092
44.35524476777694
41.33915650569097
38.30604282616271
38.242944138718286
35.43581195904654
32.72634934735883
31.515196859785377
30.05227547833767
35.647482430838515
32.46204357638128
29.98879515842648
27.807164875206613
25.569028314916846
24.621824463087698
24.56578847194212
22.486069771510927
45.748321305661214
42.20368317281812
39.36647850689875
36.63191810014178
33.51557989054083
35.76639497072863
34.28266575406345
34.46499319186595
32.11673767826509
30.273279523453844
29.54853843348655
29.592156147406246
29.340128204043236
31.30406571440564
38.26543076024909
34.697155756009025
37.34161653886125
59.271928909035196
54.33886712855034
49.60288307819914
45.262089864125365
41.78460029484878
40.27848161468252
37.32807391826164
34.31130663004989
31.572448082168393
29.191690685614653
27.398090002728036
27.17939006202583
25.20310542781105
23.88065055016781
38.016843354638105
35.26036045497116
32.4476901445406
30.22635042975362
29.070107584004152
30.425985270957224
29.169835493140756
30.06817834256995
27.563949603138116
25.791429631932527
24.360740663429326
23.139452128114733
25.29725221990774
24.804483314019958
46.14182521037364
44.75913956717774
42.9835576606495
50.31714726097702
46.287009536557264
43.605412969648086
39.58271266819261
35.883709197664295
33.01888342703349
30.874811358484727
37.682409925750676
34.22644900465059
32.14844980762098
29.646755518501
26.81451460141014
25.00154219991509
32.90038223898959
30.6516137549246
28.860212828003345
27.029478534779898
27.635193732345233
26.72788822813146
24.548981961830187
31.05158417289502
31.136719629962574
29.664346933255594
27.170241000745843
25.685226485186668
38.90375491966076
37.781682260151776
35.03676370240135
38.054947861482184
35.19727610241826
32.77586787285294
30.07838364862745
27.19383010953799
25.61601150964734
35.07737299127097
32.78212295373849
29.784243158608103
28.280061469357797
27.276893463953343
46.65825721440041
42.99127251184282
39.74741792848098
39.18692834952409
35.618300611581596
33.38869412037659
31.341779609888228
28.751734421179485
40.69746110906336
44.57337651018452
43.753210675167196
39.64673524969972
37.59526346551769
34.58063809021919
54.081182090462654
52.05101291072567
48.67902351313532
46.92390428149124
42.24771830440566
51.15014648173125
46.743977812512895
42.33422470849051
38.43575146083701
36.23943176418419
35.5314386542113
32.836222278706686
33.955651086557474
31.165970055406767
28.99652545175814
27.625729048279602
26.081552210232694
24.67144598053172
24.80246959479169
26.195937672533088
26.8333808975606
24.698639693815323
33.0084909444778
30.060644276762616
27.50642680576787
25.541643528102288
23.42214592183307
22.673959867092258
20.975730692546772
21.62795527333937
19.947882457583532
21.39150392567576
19.715616298680942
19.571683084113396
19.63616412743393
19.210223410337996
17.64992869952943
18.534049238151283
17.280166219198744
28.279648554731768
25.893242050998307
26.048154240260086
30.74508230328164
28.68976793425159
26.91633657367588
25.22998862072341
25.14732722065806
24.151657481734055
22.28663625216165
20.3939480125517
19.391707457713473
19.145894229250626
17.925385138285673
25.256652212364582
23.033281495487284
21.349343471320232
20.582666722996322
23.41399991862924
21.303219261245328
20.056615923462687
19.970570821710826
22.41328021940961
23.745193314097797
21.474004759104794
19.57967000043834
18.1533694861355
16.884561134545635
18.498818025784384
26.64713889950493
24.236224503827888
22.340983909537478
20.868236152163554
21.288507805394104
27.354758457093304
25.75220105079926
23.39839675153885
21.176110731481838
19.234665478134684
18.48649214070014
16.784836282989563
15.24836844075859
13.82127082531369
13.926240834266268
14.413341443645239
13.294844292476082
13.394885403912054
12.344834393677498
11.265321403023416
12.716687494755552
13.90658252677301
13.159228381553042
12.41232824746713
11.445157101183511
12.568845986530508
13.33576829594566
14.619026695232995
28.43791707366113
26.13883122814049
24.142430386018745
37.55143462915221
36.761388244667764
33.73508952095696
30.994791819039097
29.907010589821947
30.375129368662417
27.853840934035457
26.635576447376348
25.941906645729006
26.560940809425183
39.750729677082816
37.16641745604957
36.24863094102631
33.344393879751735
40.073032042830405
40.456345020053135
51.0657265074122
47.65675830752427
43.63311705863938
40.542412009717935
37.034918334849806
36.46314125719844
34.12084473107804
31.684057618019796
30.459903562270284
28.163429538013148
26.75952787710811
24.604016012839082
25.54104234947092
23.946484027821086
22.15540118740774
28.921787620665913
29.575455870719168
27.06470524561622
28.041846605919968
28.138122538982014
28.9311550524548
27.956634359608117
26.1344694249942
24.149987167338665
22.50362889776936
20.79985143980446
19.73937137001102
22.549886257720576
21.558819474118266
24.910650673977806
22.84470074835338
38.46458133703987
35.237808853577235
31.86038500579194
30.790626053698215
29.162653535854687
27.22909368948427
25.155005486783743
23.697111233898006
40.330827412190295
37.04433905908463
35.16724816682878
38.15772029480704
34.92597169568742
32.17754101399509
29.642509223185865
27.842927952321784
26.062086884297216
23.721666544899904
24.163518830202193
22.917835012000968
40.27701989114501
38.821728055832686
36.15521640358163
33.012691710884276
35.229053631774974
32.995689642761675
32.03783060889532
29.669497485650126
27.180262686464335
27.852613389525317
25.978938566771525
25.93437991323698
26.6882859070637
25.897787945377765
24.7142002573151
24.395387983599942
24.33160776669263
22.599381397565946
23.079758212777264
21.316813441731185
20.901705096356725
24.39404333589943
22.72302737797658
21.52355356460214
20.262638359190895
19.191680591805618
18.36153871524663
17.044538861508965
16.002742123355652
15.549500024479915
14.176772106985474
13.06103877222833
12.075240428447183
12.572119901375265
12.014037398430897
11.33873391977378
10.69177386696136
22.836590048486052
21.78373622832574
20.2232281942984
19.156111247749035
17.727519651159522
20.9585538898107
22.787368141321913
23.289196049657328
39.158067395265185
37.093490520052555
33.870150220330366
31.065271200573928
28.347900830975526
26.200899536692145
25.07867514053216
22.74123264505962
21.241839772419734
19.93352621717142
18.56151672111557
22.17695468386597
20.68326124239227
19.70693698021825
18.23994574734666
30.252403925575
27.342604607823855
25.56157153608842
23.257121331038906
22.250422278094636
20.616371184975083
20.07903825307156
19.009803552791567
18.71506826774838
18.624043019293005
19.00969893642254
19.105790756156978
19.934481964895753
19.481409667011715
18.911746933097007
18.619443075093482
17.927618325757308
17.30497605135475
16.744598004392444
16.240257762126372
15.786351544086907
15.37783594785139
15.010171911239423
14.679274278288654
14.38146640863296
14.113439325942837
13.872214951521725
13.655113014542724
13.459721271261623
13.283868702308633
13.12560139025094
12.983160809399017
12.854964286632287
12.739587416142228
12.635748232701177
12.54229296760423
12.458183229016978
12.382484464288453
12.31435557603278
12.253039576602673
12.197855177115576
12.14818921757719
12.103489853992643
12.063260426766552
12.02705394226307
11.994468106209935
11.965140853762112
11.938746326559071
11.914991252076335
11.893611685041874
11.874370074710859
11.857052625412944
11.841466921044823
11.827439787113512
11.814815366575333
11.803453388090972
11.793227607455046
11.784024404882713
11.775741522567614
11.768286928484024
11.761577793808794
11.755539572601085
11.750105173514148
11.745214214335906
11.740812351075487
11.73685067414111
11.73328516490017
11.730076206583325
11.727188144098163
11.724588887861518
11.722249557248539
11.720144159696856
11.718249301900343
11.71654392988348
11.715009095068304
11.713627743734646
11.712384527534352
11.711265632954088
11.710258627831852
11.70935232322184
11.708536649072828
11.707802542338715
11.707141846278017
11.706547219823387
11.70601205601422
11.70553040858597
11.705096925900545
11.70470679148366
11.704355670508466
11.704039661630791
11.703755253640884
11.703499286449967
11.703268915978143
11.703061582553499
11.702874982471322
11.702707042397362
11.702555896330798
11.70241986487089
11.702297436556973
11.702187251074447
11.702088084140176
11.70199883389933
11.701918508682569
11.701846215987484
11.701781152561907
11.70172259547889
11.701669894104171
11.701622462866927
11.701579774753407
11.701541355451237
11.701506778079287
11.70147565844453
11.701447650773249
11.701422443869095
11.701399757655357
11.701379340062994
11.701360964229867
11.70134442598005
11.701329541555218
11.701316145572868
11.701304089188753
11.70129323844305
11.701283472771918
11.701274683667897
11.701266773474279
11.701259654300024
11.701253247043192
11.701247480512047
11.701242290634013
11.701237619743782
11.701233415942577
11.701229632521489
11.701226227442513
11.701223162871434
11.701220404757462
11.701217922454887
11.70121568838257
11.701213677717485
11.701211868118907
11.70121023948019
11.701208773705343
11.70120745450798
11.701206267230353
11.701205198680489
11.701204236985612
11.701203371460224
11.701202592487373
11.701201891411808
11.7012012604438
11.701200692572591
11.701200181488504
11.701199721512825
11.701199307534715
11.701198934954416
11.701198599632146
11.701198297842103
11.701198026231065
11.70119778178113
11.701197561776189
11.70119736377174
11.701197185567738
11.701197025184136
11.701196880838895
11.701196750928176
11.70119663400853
11.70119652878085
11.701196434075936
11.701196348841513
11.701196272130534
11.701196203090653
11.701196140954758
11.701196085032455
11.701196034702381
11.701195989405315
11.701195948637954
11.70119591194733
11.701195878925768
11.701195849206364
11.7011958224589
11.70119579838618
11.701195776720736
11.701195757221834
11.701195739672823
11.701195723878712
11.701195709664013
11.701195696870784
11.701195685356877
11.701195674994361
11.701195665668095
11.701195657274459
11.701195649720185
11.70119564292134
11.701195636802376
11.701195631295311
11.701195626338952
11.70119562187823
11.701195617863577
11.701195614250391
11.701195610998525
11.701195608071844
11.701195605437832
11.70119560306722
11.70119560093367
11.701195599013476
11.701195597285299
11.70119559572994
11.70119559433012
11.70119559307028
11.701195591936424
11.701195590915953
11.701195589997528
11.701195589170949
11.701195588427025
11.701195587757494
11.701195587154917
11.701195586612597
11.70119558612451
11.70119558568523
11.701195585289877
11.701195584934062
11.701195584613828
11.701195584325617
11.701195584066229
11.701195583832776
11.701195583622672
11.701195583433575
11.70119558326339
11.701195583110222
11.701195582972371
11.701195582848307
11.701195582736647
11.701195582636153
11.701195582545711
11.701195582464312
11.701195582391053
11.70119558232512
11.701195582265779
11.701195582212373
11.701195582164308
11.701195582121048
11.701195582082116
11.701195582047076
11.70119558201554
11.701195581987157
11.701195581961613
11.701195581938624
11.701195581917933
11.701195581899313
11.701195581882553
11.70119558186747
11.701195581853895
11.701195581841677
11.701195581830682
11.701195581820786
11.701195581811879
11.701195581803862
11.701195581796647
11.701195581790154
11.70119558178431
11.70119558177905
11.701195581774316
11.701195581770056
11.701195581766221
11.701195581762772
11.701195581759666
11.70119558175687
11.701195581754357
11.701195581752092
11.701195581750055
11.701195581748221
11.701195581746573
11.701195581745088
11.70119558174375
11.701195581742548
11.701195581741466
11.70119558174049
11.701195581739613
11.701195581738824
11.701195581738114
11.701195581737474
11.701195581736897
11.70119558173638
11.701195581735915
11.701195581735496
11.701195581735117
11.701195581734778
11.701195581734472
11.701195581734197
11.701195581733948
11.701195581733725
11.701195581733524
11.701195581733344
11.701195581733181
11.701195581733035
11.701195581732904
11.701195581732787
11.701195581732678
11.701195581732584
11.701195581732497
11.701195581732419
11.70119558173235
11.701195581732286
11.701195581732229
11.701195581732177
11.701195581732133
11.70119558173209
11.701195581732053
11.70119558173202
11.701195581731989
11.701195581731962
11.701195581731936
11.701195581731914
11.701195581731895
11.701195581731877
11.701195581731861
11.701195581731847
11.701195581731834
11.701195581731824
11.701195581731813
11.701195581731803
11.701195581731795
11.701195581731787
11.70119558173178
11.701195581731774
11.701195581731769
11.701195581731763
11.701195581731758
11.701195581731755
11.701195581731751
11.701195581731747
11.701195581731746
11.701195581731742
11.70119558173174
11.701195581731737
11.701195581731735
11.701195581731733
11.701195581731733
11.701195581731731
11.70119558173173
11.701195581731728
11.701195581731728
11.701195581731726
11.701195581731724
11.701195581731724
11.701195581731724
11.701195581731724
11.701195581731724
11.701195581731724
11.701195581731724
11.701195581731724
11.701195581731724
11.701195581731724
11.701195581731724
11.701195581731724
11.701195581731724
11.701195581731724
11.701195581731724
11.701195581731724
11.701195581731724
11.701195581731724
11.701195581731724
11.701195581731724
11.701195581731724
11.701195581731724
11.701195581731724
11.701195581731724
11.701195581731724
11.701195581731724
11.701195581731724
11.701195581731724
11.701195581731724
11.701195581731724
11.701195581731724
11.701195581731724
11.701195581731724
11.701195581731724
11.701195581731724
11.701195581731724
11.701195581731724
11.701195581731724
11.701195581731724
11.701195581731724
11.701195581731724
11.701195581731724
11.701195581731724
11.701195581731724
11.701195581731724
11.701195581731724
11.701195581731724
11.701195581731724
11.701195581731724
11.701195581731724
11.701195581731724
11.701195581731724
11.701195581731724
11.701195581731724
11.701195581731724
11.701195581731724
11.701195581731724
11.701195581731724
11.701195581731724
11.701195581731724
11.701195581731724
11.701195581731724
11.701195581731724
11.701195581731724
11.701195581731724
11.701195581731724
11.701195581731724
11.701195581731724
11.701195581731724
11.701195581731724
11.701195581731724
11.701195581731724
11.701195581731724
11.701195581731724
11.701195581731724
11.701195581731724
11.701195581731724
11.701195581731724
11.701195581731724
11.701195581731724
11.701195581731724
11.701195581731724
11.701195581731724
11.701195581731724
11.701195581731724
11.701195581731724
11.701195581731724
11.701195581731724
11.701195581731724
11.701195581731724
11.701195581731724
11.701195581731724
11.701195581731724
11.701195581731724
11.701195581731724
11.701195581731724
11.701195581731724
11.701195581731724
11.701195581731724
11.701195581731724
11.701195581731724
11.701195581731724
11.701195581731724
11.701195581731724
11.701195581731724
11.701195581731724
11.701195581731724
11.701195581731724
11.701195581731724
11.701195581731724
11.701195581731724
11.701195581731724
11.701195581731724
11.701195581731724
11.701195581731724
11.701195581731724
11.701195581731724
11.701195581731724
11.701195581731724
11.701195581731724
11.701195581731724
11.701195581731724
11.701195581731724
11.701195581731724
11.701195581731724
11.701195581731724
11.701195581731724
11.701195581731724
11.701195581731724
11.701195581731724
11.701195581731724
11.701195581731724
11.701195581731724
11.701195581731724
11.701195581731724
11.701195581731724
11.701195581731724
11.701195581731724
11.701195581731724
11.701195581731724
11.701195581731724
11.701195581731724
11.701195581731724
11.701195581731724
11.701195581731724
11.701195581731724
11.701195581731724
