0.08
0.06
0.06
0.056666666666666664
0.05
0.04
0.05
0.15
0.04
0.16
0.05500000000000001
0.055
0.055
0.06666666666666667
38.875
0.05666666666666667
0.056666666666666664
0.04750000000000001
0.07
0.0625
0.06
0.06666666666666667
0.04666666666666667
0.07500000000000001
0.0625
0.05000000000000001
11.09
0.11499999999999999
0.06666666666666667
0.056666666666666664
0.0575
0.05
0.15666666666666665
0.31000000000000005
0.04
0.07
0.04
0.88
0.08
0.06
0.05500000000000001
0.05500000000000001
0.10500000000000001
0.05
0.049999999999999996
0.07
0.05
0.055
0.06
0.045
0.07333333333333333
0.0625
0.045
35.480000000000004
0.05
0.07
0.045
0.04
0.13999999999999999
0.06
0.06
0.04750000000000001
0.06999999999999999
0.05
0.045
0.07
0.05
0.06
0.06
3.4166666666666665
0.05000000000000001
0.06
0.05499999999999999
0.08000000000000002
0.055
0.1
0.06
0.08
0.05
1.43
0.065
0.055
0.05
0.065
0.07
0.065
0.060000000000000005
0.055
0.05
0.07
0.05666666666666667
0.065
0.049999999999999996
0.04
0.12000000000000001
0.056666666666666664
0.06333333333333334
0.06
0.060000000000000005
0.05
0.08
0.08
0.05
49.38999999999999
0.07
0.057499999999999996
0.05333333333333334
0.08
0.07
18.476666666666667
0.0775
0.0675
0.06333333333333334
0.05
0.04666666666666667
0.07
0.05
0.05
0.06333333333333334
0.057499999999999996
0.052500000000000005
0.055
0.049999999999999996
0.05
0.06
0.07
0.03
0.05
0.06
0.05
0.07
0.08
0.045
0.07
0.1
0.049999999999999996
0.05
0.07
0.06
0.08499999999999999
0.07
0.07
0.045
0.08499999999999999
0.07
0.1
0.065
0.07
0.065
0.07
7.15
0.06333333333333334
0.055
0.04
36.66
0.05
0.065
0.05000000000000001
0.06
0.060000000000000005
0.04
0.04
0.05
0.05
0.04
0.045
0.05333333333333334
0.08666666666666667
0.05
0.07
0.07
0.05
0.06333333333333334
0.065
0.060000000000000005
0.06
0.05
0.055
0.07333333333333333
0.07
0.07
17.37
0.07
0.05
0.06
0.05
0.05
0.06
0.05
0.08
0.08
0.060000000000000005
23.435
0.04666666666666667
0.055
0.05
0.060000000000000005
0.05
0.1
0.03
0.25
0.06
0.07
0.06
0.07
0.07
0.09
41.395
0.06333333333333334
0.0625
0.33499999999999996
0.05
0.04666666666666667
0.06
0.04666666666666667
0.06
0.07
0.05
0.06
0.060000000000000005
0.06
0.1
0.05
0.05
0.07
0.07
0.07
0.05
0.08
0.05
0.065
0.0575
0.06
0.060000000000000005
0.07333333333333333
0.060000000000000005
2.6225
0.052500000000000005
0.056666666666666664
0.18250000000000002
0.060000000000000005
0.04
0.07
0.08
0.06
0.05
0.05
0.045
0.11
0.05
0.05
0.055
0.05333333333333334
0.07
0.05
0.05
0.07
0.05
3.5
0.055
0.11
0.22
0.055
0.06
3.563333333333334
0.07
0.05000000000000001
0.045
0.055
0.05
0.07
0.07
0.09
0.05
0.05666666666666667
0.08
0.060000000000000005
0.05
0.056666666666666664
0.0575
0.06333333333333334
0.06
0.055
0.05
0.07
26.636666666666667
0.065
0.07
0.07500000000000001
0.05
0.06
0.05
0.04
0.06
0.055
0.06
0.0625
0.06666666666666667
0.05
0.08
0.065
0.07
0.05
0.05
0.06
0.065
0.04
0.065
0.05
0.06
0.05
0.08
0.05
0.06
0.1
0.055
0.0575
0.05499999999999999
17.51
0.095
0.055
0.05
0.055
0.05
0.07
0.05
0.09666666666666666
0.06
0.1
0.05
0.06
0.060000000000000005
0.065
0.07
0.07500000000000001
0.055
0.05333333333333334
0.06
0.06
0.055
0.14333333333333334
0.04
0.09
23.39666666666666
0.060000000000000005
0.07
0.06
0.06333333333333334
0.0575
0.07
0.06
2.695
0.05
0.04666666666666667
0.0575
0.05000000000000001
0.11
5.21
0.035
0.04
0.06
0.05333333333333334
0.055
0.06
0.06
0.05
0.06
34.065
0.055
0.060000000000000005
0.08
0.065
0.06666666666666667
0.065
0.055
0.06
0.06
0.14
0.065
0.06
32.739999999999995
0.060000000000000005
0.060000000000000005
0.06
0.05666666666666667
0.057499999999999996
0.0675
0.065
0.06
0.05
0.06
15.495
0.045
0.065
0.05
0.06
0.09
0.055
0.060000000000000005
0.07500000000000001
0.07333333333333333
0.045
0.05
0.07
0.06
0.08
0.060000000000000005
0.065
0.055
0.05666666666666667
0.055
0.04
0.065
0.05500000000000001
0.075
0.065
0.065
0.09
0.07
0.09
0.06
0.05
0.04
0.060000000000000005
0.05500000000000001
0.06333333333333334
0.052500000000000005
0.08
0.065
0.0575
0.0575
0.06333333333333334
0.04
0.05500000000000001
0.05
0.06
0.07666666666666667
0.057499999999999996
0.05
0.37
0.05
0.06
0.05
0.07
0.05
0.056666666666666664
0.05
0.06
0.06
0.07
0.05
0.06
0.05
0.056666666666666664
0.06333333333333334
0.065
0.06
0.05500000000000001
0.09666666666666668
0.05333333333333334
0.055
0.06
0.065
0.05333333333333334
0.05333333333333334
0.08
0.07
0.05
0.08
0.05
0.065
0.05
0.05
0.05
0.06
0.05
0.065
0.05
0.045
0.05333333333333334
0.09
0.06
0.115
0.05
0.04
0.08
0.07
0.05
0.07
0.06
0.06
0.06
0.08
0.06
0.08
0.06
0.07
0.04
20.345
0.05
0.055
0.05
0.055
0.05
0.06
0.08499999999999999
0.05
0.08
0.05
0.06333333333333334
0.055
0.08
0.07666666666666666
0.05500000000000001
4.1475
0.055
0.065
0.06
0.05
0.065
0.07
0.049999999999999996
0.055
0.06
0.085
0.0625
0.049999999999999996
0.05
0.05
0.05
0.06
0.06
11.69
0.055
0.055
0.05
0.05
0.045
0.05
0.05
0.065
0.05
0.055
0.065
0.060000000000000005
0.045
0.05
0.05
0.045
0.060000000000000005
0.05
0.06
0.055
0.055
0.05500000000000001
0.05
0.055
0.07
0.065
0.065
0.055
0.065
0.055
0.06
0.065
0.065
0.060000000000000005
0.05
0.06
0.05
0.045
0.065
0.065
0.065
0.060000000000000005
0.06
0.05
0.055
0.05500000000000001
0.065
0.045
0.075
0.05
0.05
0.060000000000000005
0.04
0.055
0.065
0.045
0.060000000000000005
0.065
0.06
0.06
0.05
0.055
0.085
0.045
0.055
0.045
0.060000000000000005
0.060000000000000005
0.055
0.05500000000000001
0.06
0.05
0.060000000000000005
0.06
0.055
0.045
0.060000000000000005
0.045
0.065
0.05500000000000001
0.05
0.055
0.045
0.055
0.055
0.05
0.04
0.05
0.055
0.05
0.06
0.05
0.045
0.05500000000000001
0.045
0.055
0.045
0.065
0.045
0.055
0.065
0.045
0.055
0.045
0.060000000000000005
0.060000000000000005
0.05
0.07
0.065
0.055
0.055
0.055
0.065
0.05
0.065
0.055
0.060000000000000005
0.055
0.055
0.060000000000000005
0.05
0.060000000000000005
0.055
0.060000000000000005
0.055
0.060000000000000005
0.06
0.055
0.07
0.06
0.055
0.05500000000000001
0.055
0.05
0.055
0.055
0.065
0.055
0.05
0.055
0.05500000000000001
0.060000000000000005
0.055
0.060000000000000005
0.05
0.055
0.055
0.07500000000000001
0.06
0.065
0.055
0.055
0.06
0.06
0.06
0.06
0.065
0.055
0.055
0.07
0.06
0.055
0.055
0.065
0.05
0.045
0.055
0.045
0.05
0.06
0.060000000000000005
0.06
0.065
0.06
0.055
0.060000000000000005
0.055
0.05
0.05
0.055
0.045
0.05
0.060000000000000005
0.055
0.055
0.06
0.055
0.05
0.045
0.055
0.060000000000000005
0.05
0.05
0.065
0.045
0.060000000000000005
0.07
0.05500000000000001
0.055
0.05
0.055
0.05
0.045
0.06
0.055
0.060000000000000005
0.055
0.05
0.055
0.07
0.055
0.05
0.060000000000000005
0.055
0.05
0.05
0.055
0.05500000000000001
0.055
0.065
0.05
0.06
0.06
0.055
0.065
0.05
0.05
0.06
0.05
0.05
0.045
0.06
0.06
0.05
0.05500000000000001
0.065
0.05
0.05
0.06
0.06
0.045
0.05500000000000001
0.06
0.060000000000000005
0.05
0.05
0.055
0.055
0.065
0.05
0.045
0.055
0.06
0.05
0.05
0.06
0.05
0.06
0.05
0.045
0.05500000000000001
0.06
0.07
0.05
0.065
0.060000000000000005
0.05
0.05
0.06
0.055
0.05
0.07
0.055
0.060000000000000005
0.065
0.055
0.05
0.06
0.055
0.055
0.055
0.060000000000000005
0.05
0.05500000000000001
0.065
0.05
0.045
0.055
0.055
0.045
0.065
0.065
0.055
0.055
0.065
0.060000000000000005
0.055
0.060000000000000005
0.060000000000000005
0.05
0.065
0.055
0.065
0.05
0.07
0.065
0.05
0.05
0.065
0.06
0.045
0.06
0.06
0.05
0.065
0.055
0.060000000000000005
0.065
0.065
0.05
0.055
0.065
0.065
0.055
0.06
0.045
0.065
0.06
0.06
0.055
0.055
0.055
0.06
0.05
0.05
0.06
0.05
0.05
0.05
0.065
0.055
0.045
0.05
0.11499999999999999
0.05
0.055
0.07
0.055
0.055
0.05
0.05500000000000001
0.045
0.05
0.055
0.05
0.07
0.05
0.055
0.065
0.060000000000000005
0.05
0.060000000000000005
0.05
0.06
0.06
0.055
0.045
0.065
0.05500000000000001
0.055
0.060000000000000005
0.055
0.055
0.055
0.065
0.055
0.05500000000000001
0.05
0.065
0.05
0.055
0.055
0.05
0.05500000000000001
0.060000000000000005
0.05
0.05500000000000001
0.065
0.05
0.05
0.055
0.05
0.055
0.055
0.05
0.05
0.060000000000000005
0.05
0.055
0.05
0.060000000000000005
0.06
0.05
0.065
0.060000000000000005
0.055
0.06
0.045
0.055
0.06
0.055
0.055
0.05
0.055
0.045
0.060000000000000005
0.045
0.05
0.065
0.055
0.05
0.05
0.065
0.05
0.055
0.055
0.045
0.05
0.05500000000000001
0.060000000000000005
0.045
0.06
0.04
0.06
0.045
0.055
0.055
0.060000000000000005
0.045
0.06
0.060000000000000005
0.060000000000000005
0.055
0.05500000000000001
0.060000000000000005
0.060000000000000005
0.05
0.065
0.05
0.05
0.05
0.055
0.05
0.055
0.05
0.06
0.05
0.060000000000000005
0.05
0.05
0.05
0.06
0.060000000000000005
0.060000000000000005
0.055
0.05
0.065
0.065
0.05
0.06
0.065
0.05
0.05
0.055
0.060000000000000005
0.045
0.07
0.07
0.055
0.05
0.05
0.060000000000000005
0.060000000000000005
0.06
0.065
0.05
0.06
0.06
0.05
0.055
0.06
0.065
0.045
0.06
0.065
0.045
0.055
0.07
0.055
0.05500000000000001
0.07
0.055
0.055
0.055
0.065
0.05
0.05
0.055
0.065
0.065
0.05
0.055
0.06
0.060000000000000005
0.055
0.055
0.065
0.065
0.055
0.060000000000000005
0.055
0.055
0.055
0.065
0.055
0.05
0.060000000000000005
0.05
0.060000000000000005
0.060000000000000005
0.05
0.055
0.055
0.055
0.05
0.065
0.05
0.060000000000000005
0.055
0.055
0.060000000000000005
0.065
0.05
0.05
0.05
0.065
0.05
