0.06
0.06
0.06
0.06
0.05666666666666666
0.06296296296296296
0.05
0.05
0.04
0.044444444444444446
0.05555555555555555
0.05
0.15
0.15
0.04
0.04
0.17777777777777778
0.06111111111111112
0.06875
0.06875
0.07857142857142857
0.09166666666666666
0.11
0.11
0.13333333333333333
0.13333333333333333
77.75
97.1875
0.14166666666666666
0.18888888888888888
0.18888888888888888
0.18888888888888888
0.15833333333333335
0.23750000000000004
0.35000000000000003
0.7000000000000001
0.35000000000000003
0.20833333333333334
0.20833333333333334
0.2
0.15
0.13333333333333333
0.1111111111111111
0.13333333333333333
0.09333333333333334
0.09333333333333334
0.12500000000000003
0.15000000000000002
0.125
0.15625
0.12500000000000003
0.12500000000000003
27.725
36.96666666666666
0.575
0.575
0.3333333333333333
0.2222222222222222
0.2833333333333333
0.2875
0.2875
0.25
0.5
0.5
0.7833333333333333
1.5666666666666667
3.1000000000000005
3.1000000000000005
0.4
0.2
0.35000000000000003
0.35000000000000003
0.13333333333333333
0.1
2.1999999999999997
2.933333333333333
0.26666666666666666
0.4
0.6
0.6
0.275
0.18333333333333335
0.1375
0.18333333333333335
0.525
0.525
0.525
0.25
0.25
0.24999999999999997
0.24999999999999997
0.35000000000000003
0.35000000000000003
0.25
0.25
0.27499999999999997
0.27499999999999997
0.3
0.3
0.3
0.22499999999999998
0.22499999999999998
0.36666666666666664
0.36666666666666664
0.3125
0.3125
0.22499999999999998
0.22499999999999998
177.40000000000003
177.40000000000003
0.5
0.5
0.7000000000000001
0.7000000000000001
0.44999999999999996
0.44999999999999996
0.44999999999999996
0.4
0.4
1.4
1.4
0.6
0.6
0.6
0.6
0.4750000000000001
0.4750000000000001
0.7
0.7
0.5
0.5
0.44999999999999996
0.44999999999999996
0.7000000000000001
0.7000000000000001
0.5
0.5
0.6
0.6
0.6
0.6
0.6
34.166666666666664
34.166666666666664
0.5000000000000001
0.5000000000000001
0.6
0.5499999999999999
0.5499999999999999
0.5499999999999999
0.8000000000000002
0.5499999999999999
0.5499999999999999
0.5499999999999999
1.0
1.0
0.6
0.6
0.8
0.25
0.25
14.299999999999999
14.299999999999999
0.325
0.325
0.27499999999999997
0.27499999999999997
0.16666666666666669
0.16666666666666669
0.21666666666666665
0.21666666666666665
0.23333333333333336
0.23333333333333336
0.21666666666666665
0.21666666666666665
0.21666666666666665
0.2
0.13749999999999998
0.13749999999999998
0.1
0.1
0.125
0.17500000000000002
0.17500000000000002
0.14166666666666666
0.11333333333333334
0.13
0.13
0.1
0.08333333333333333
0.06666666666666667
0.05714285714285715
0.15
0.13333333333333336
0.07083333333333333
0.07083333333333333
0.09047619047619049
0.09047619047619049
0.09047619047619049
0.08571428571428572
0.08571428571428572
0.08571428571428572
0.08571428571428572
0.07142857142857142
0.08333333333333334
0.16
0.13333333333333333
0.13333333333333333
0.13333333333333333
0.08333333333333334
0.07142857142857142
70.55714285714285
70.55714285714285
0.1
0.1
0.071875
0.071875
0.06666666666666668
0.06666666666666668
0.1
0.08888888888888889
0.08750000000000001
0.08750000000000001
23.09583333333333
26.395238095238092
0.11071428571428571
0.12916666666666665
0.11250000000000002
0.11250000000000002
0.10555555555555557
0.10555555555555557
0.07142857142857142
0.07142857142857142
0.07777777777777778
0.07777777777777778
0.06666666666666667
0.1
0.07142857142857142
0.0625
0.05555555555555555
0.05555555555555555
0.07037037037037037
0.07037037037037037
0.057499999999999996
0.06388888888888888
0.071875
0.07500000000000001
0.07500000000000001
0.09166666666666666
0.09166666666666666
0.08333333333333333
0.08333333333333333
0.08333333333333334
0.08333333333333334
0.1
0.1
0.11666666666666668
0.11666666666666668
0.06
0.08333333333333334
0.08333333333333334
0.08571428571428572
0.075
0.07142857142857142
0.07142857142857142
0.1
0.08750000000000001
0.08750000000000001
0.1
0.1
0.056249999999999994
0.06428571428571428
0.11666666666666668
0.11666666666666668
0.16666666666666669
0.16666666666666669
0.08333333333333333
0.08333333333333333
0.08333333333333334
0.08333333333333334
0.14
0.14
0.12
0.12
0.16999999999999998
0.21249999999999997
0.17500000000000002
0.17500000000000002
0.17500000000000002
0.17500000000000002
0.11249999999999999
0.11249999999999999
0.21249999999999997
0.21249999999999997
0.23333333333333336
0.23333333333333336
0.5
0.5
0.325
0.325
0.35000000000000003
0.35000000000000003
0.325
0.325
0.35000000000000003
0.35000000000000003
35.75000000000001
23.833333333333336
0.21111111111111114
0.21111111111111114
0.21111111111111114
0.18333333333333332
0.18333333333333332
0.1
0.1
91.64999999999999
91.64999999999999
0.16666666666666669
0.16666666666666669
0.21666666666666665
0.21666666666666665
0.16666666666666669
0.16666666666666669
0.2
0.2
0.2
0.2
0.2
0.13333333333333333
0.13333333333333333
0.2
0.2
0.5
0.5
0.25
0.25
0.16666666666666669
0.13333333333333333
0.2
0.44999999999999996
0.44999999999999996
0.5333333333333334
0.5333333333333334
0.8666666666666666
0.8666666666666666
0.5
0.5
0.7000000000000001
0.7000000000000001
0.7000000000000001
0.7000000000000001
0.5
0.5
0.6333333333333334
0.6333333333333334
0.65
0.65
0.6
0.6
0.6
0.6
0.5
0.5
0.5499999999999999
0.5499999999999999
0.7333333333333333
0.7333333333333333
0.7000000000000001
0.7000000000000001
0.7000000000000001
0.7000000000000001
173.70000000000002
173.70000000000002
0.35000000000000003
0.5
0.5
0.6
0.6
0.25
0.25
0.25
0.25
0.2
0.2
0.125
0.1
0.16
0.2
0.2
0.2
0.12000000000000001
0.12000000000000001
46.87
46.87
0.09333333333333334
0.09333333333333334
0.11
0.11
0.11
0.1
0.1
0.12000000000000001
0.12000000000000001
0.1
0.125
0.2
0.2
0.16666666666666669
0.04285714285714286
0.04285714285714286
0.35714285714285715
0.08571428571428572
0.08571428571428572
0.08571428571428572
0.1
0.08571428571428572
0.08571428571428572
0.08750000000000001
0.07777777777777778
0.07777777777777778
0.07777777777777778
0.11249999999999999
0.11249999999999999
51.74375
51.74375
0.07916666666666668
0.07916666666666668
0.07037037037037037
0.07037037037037037
0.06944444444444445
0.06944444444444445
0.3722222222222222
0.05555555555555555
0.05555555555555555
0.05185185185185185
0.04666666666666667
0.04666666666666667
0.06
0.06666666666666667
0.05185185185185185
0.06666666666666667
0.06666666666666667
0.07777777777777778
0.07
0.05
0.05555555555555555
0.06666666666666667
0.06666666666666667
0.06666666666666668
0.06666666666666668
0.06666666666666667
0.075
0.125
0.14285714285714285
0.08333333333333334
0.08333333333333334
0.08333333333333334
0.1
0.17500000000000002
0.17500000000000002
0.17500000000000002
0.17500000000000002
0.17500000000000002
0.17500000000000002
0.16666666666666669
0.16666666666666669
0.26666666666666666
0.26666666666666666
0.26666666666666666
0.16666666666666669
0.16666666666666669
0.1625
0.13
0.14375
0.19166666666666668
0.2
0.2
0.3
0.3
0.7333333333333333
0.7333333333333333
0.7333333333333333
0.6
0.6
26.224999999999998
13.112499999999999
0.2625
0.2625
0.2833333333333333
0.2833333333333333
0.5666666666666667
1.8250000000000002
1.8250000000000002
0.6
0.6
0.4
0.4
0.7000000000000001
0.7000000000000001
0.8
0.8
0.6
0.6
0.5
0.5
0.5
0.5
0.44999999999999996
0.44999999999999996
1.0999999999999999
1.0999999999999999
0.5
0.5
0.5
0.5
0.5499999999999999
0.5499999999999999
0.5333333333333334
0.5333333333333334
0.7000000000000001
0.35000000000000003
0.25
0.5
0.5
0.5
0.7000000000000001
0.7000000000000001
0.5
0.5
35.0
35.0
0.5499999999999999
0.5499999999999999
1.0999999999999999
1.0999999999999999
2.1999999999999997
2.1999999999999997
0.5499999999999999
0.5499999999999999
0.6
0.6
35.63333333333334
17.81666666666667
0.7000000000000001
0.35000000000000003
0.25000000000000006
0.25000000000000006
0.22499999999999998
0.22499999999999998
0.27499999999999997
0.27499999999999997
0.25
0.25
0.35000000000000003
0.35000000000000003
0.35000000000000003
0.44999999999999996
0.44999999999999996
0.44999999999999996
0.25
0.16666666666666669
0.18888888888888888
0.18888888888888888
0.2
0.2
0.15
0.15
0.16666666666666669
0.16666666666666669
0.16666666666666669
0.18888888888888888
0.18888888888888888
0.19166666666666668
0.14375
0.15833333333333335
0.15833333333333335
0.15
0.15
0.13749999999999998
0.125
0.125
0.17500000000000002
0.23333333333333336
88.78888888888888
88.78888888888888
0.21666666666666665
0.21666666666666665
0.23333333333333336
0.25000000000000006
0.25000000000000006
0.16666666666666669
0.25
0.3
0.3
0.25
0.5
0.4
0.4
0.6
0.6
0.5499999999999999
0.5499999999999999
0.6
0.6
0.625
0.625
0.6666666666666666
0.6666666666666666
0.3333333333333333
0.25
0.25
0.4
0.4
0.325
0.325
0.23333333333333336
0.23333333333333336
0.16666666666666669
0.16666666666666669
0.16666666666666669
0.16666666666666669
0.2
0.2
0.325
0.325
0.2
0.2
0.325
0.25
0.25
0.3
0.3
0.25
0.25
0.8
0.8
0.5
0.5
0.5
0.6
0.6
1.0
1.0
0.5499999999999999
0.5499999999999999
0.2875
0.2875
0.27499999999999997
0.27499999999999997
87.55000000000001
58.36666666666667
0.31666666666666665
0.31666666666666665
0.18333333333333332
0.18333333333333332
0.16666666666666669
0.18333333333333332
0.13749999999999998
0.125
0.125
0.16666666666666669
0.17500000000000002
0.17500000000000002
0.125
0.125
0.32222222222222224
0.32222222222222224
0.2
0.2
0.33333333333333337
0.5
0.25
0.5
0.6
0.6
0.6
0.6
0.65
0.65
0.7000000000000001
0.7000000000000001
0.7500000000000001
0.7500000000000001
0.5499999999999999
0.5499999999999999
0.5499999999999999
0.5333333333333334
0.5333333333333334
0.6
0.6
0.6
0.5499999999999999
0.5499999999999999
1.4333333333333333
1.4333333333333333
0.4
0.4
0.44999999999999996
0.44999999999999996
116.9833333333333
233.9666666666666
0.6
0.6
0.7000000000000001
0.6
0.6
0.6333333333333334
0.6333333333333334
0.6333333333333334
0.575
0.575
0.7000000000000001
0.7000000000000001
0.6
0.6
26.949999999999996
26.949999999999996
0.5
0.5
0.46666666666666673
0.46666666666666673
0.46666666666666673
0.575
0.575
0.5000000000000001
0.5000000000000001
1.0999999999999999
1.0999999999999999
52.1
26.05
0.11666666666666668
0.11666666666666668
0.13333333333333333
0.13333333333333333
0.2
0.2
0.2666666666666667
0.2666666666666667
0.18333333333333332
0.18333333333333332
0.2
0.2
0.2
0.3
0.25
0.25
0.3
0.3
170.325
170.325
0.5499999999999999
0.5499999999999999
0.6
0.6
0.8
0.65
0.65
0.6666666666666666
0.6666666666666666
0.65
0.65
0.5499999999999999
0.5499999999999999
0.6
0.6
0.6
1.4000000000000001
0.7000000000000001
0.325
0.325
0.3
0.3
163.7
163.7
0.2
0.2
0.2
0.2
0.2
0.2
0.18888888888888888
0.18888888888888888
0.2875
0.19166666666666665
0.22500000000000003
0.16875
0.1625
0.1625
0.15
0.15
0.125
0.125
0.2
0.2
51.65
38.7375
0.09
0.13
0.13
0.125
0.1
0.1
0.1
0.18
0.18
0.09166666666666666
0.09166666666666666
0.1
0.1
0.10714285714285715
0.10714285714285715
0.10476190476190476
0.10476190476190476
0.075
0.075
0.08333333333333334
0.07142857142857142
0.1
0.1
0.08571428571428572
0.08571428571428572
0.13333333333333333
0.13333333333333333
0.1
0.1
0.09285714285714286
0.09285714285714286
0.06874999999999999
0.06874999999999999
0.07083333333333333
0.07083333333333333
0.06874999999999999
0.06111111111111111
0.04
0.04
0.065
0.065
0.055
0.055
0.08333333333333333
0.09375
0.09285714285714286
0.09285714285714286
0.09285714285714286
0.09285714285714286
0.12857142857142856
0.08750000000000001
0.08750000000000001
0.11249999999999999
0.11249999999999999
0.075
0.07142857142857142
0.07142857142857142
0.05714285714285715
0.05714285714285715
0.08571428571428572
0.08571428571428572
0.07857142857142858
0.07857142857142858
0.10555555555555557
0.10555555555555557
0.08750000000000001
0.08750000000000001
0.16
0.16
0.13
0.13
0.1625
0.14375
0.19166666666666668
0.19166666666666668
0.19166666666666668
0.21111111111111114
0.21111111111111114
0.1
0.1
0.1375
0.1375
0.125
0.125
0.15
0.15333333333333335
0.19166666666666668
0.14375
0.14375
0.125
0.125
0.9249999999999999
1.2333333333333334
1.8499999999999999
0.25
0.25
0.2
0.2
0.16666666666666669
0.16666666666666669
0.17500000000000002
0.17500000000000002
0.125
0.1
0.11333333333333331
0.11333333333333331
0.125
0.125
0.125
0.12
0.12
0.1
0.11666666666666668
0.14
0.1
0.1
0.1
0.12
0.12
0.1
0.1
0.09444444444444444
0.11333333333333331
0.12666666666666668
0.12666666666666668
0.13
0.13
0.1
0.1
0.09166666666666667
0.09166666666666667
0.1380952380952381
0.12083333333333333
0.06666666666666668
0.06666666666666668
0.06111111111111111
0.06111111111111111
0.06666666666666667
0.07222222222222223
0.065
0.05333333333333334
0.05333333333333334
0.05333333333333334
0.05333333333333334
0.08
0.08
0.07777777777777778
0.07777777777777778
0.08750000000000001
0.0625
0.05555555555555555
0.08888888888888889
0.08
0.05
0.05
0.065
0.065
0.05555555555555555
0.05555555555555555
0.05555555555555555
0.05555555555555555
0.05555555555555555
0.0625
0.06666666666666667
0.06666666666666667
0.05
0.05
0.065
0.065
0.065
0.05555555555555555
0.05555555555555555
0.05
0.05
0.05925925925925926
0.05925925925925926
0.1
0.11249999999999999
0.075
0.075
0.14375
0.14375
0.0625
0.07142857142857142
0.05714285714285715
0.06666666666666667
0.1142857142857143
0.1
0.08750000000000001
0.08750000000000001
0.07142857142857142
0.07142857142857142
0.1
0.11666666666666668
0.1
0.1
0.1
0.12
0.12
0.2
0.15
0.15
0.2
0.2
0.15
0.15
0.17500000000000002
0.17500000000000002
0.1
0.13333333333333333
67.81666666666666
67.81666666666666
0.125
0.125
0.13749999999999998
0.13749999999999998
0.1
0.1
0.1
0.11
0.11
0.1
0.1
0.1
0.16999999999999998
0.16999999999999998
0.16999999999999998
0.1
0.125
0.2
0.2
0.125
0.125
0.21111111111111114
0.21111111111111114
0.18333333333333332
0.18333333333333332
0.26666666666666666
0.26666666666666666
0.25555555555555554
0.19166666666666665
0.1375
0.11
0.11
8.295
6.9125000000000005
0.09166666666666666
0.09166666666666666
0.09285714285714286
0.09285714285714286
0.08571428571428572
0.08333333333333334
0.08333333333333334
0.10833333333333332
0.10833333333333332
0.11666666666666668
0.11666666666666668
0.08333333333333333
0.08333333333333333
0.09166666666666666
0.09166666666666666
0.08571428571428572
0.08571428571428572
0.075
0.10625000000000001
0.10625000000000001
0.078125
0.078125
0.07142857142857142
0.07142857142857142
0.07142857142857142
0.07142857142857142
0.08333333333333334
0.1
0.1
0.12
0.12
0.12
23.38
29.225
0.11
0.13749999999999998
0.13749999999999998
0.13749999999999998
